_n_neurons = 500
_D = 32
_max_rate = 80
_stim_mag = 0.5
_neuron_noise = 0.01
_synapse_memory = 0.6
_averages = 50
_mean_mem_noise = 0.0
_dataset = 'pre_PHE'
_noise_readout = 0.1
_plot_type = 'all'
_misperceive = 0.05
_backend = 'nengo'
_dt = 0.001
_seed = 1
_hide_overlay = False
_gui = False
rmse = 0.060384842333613617
values = [[0.33140897535748065, 0.2224377709655462, 0.16781311360343107, 0.12871455055209277], [0.9995402900537947, 0.9869384788594143, 0.953339249206316, 0.9009782114733074]]