_n_neurons = 500
_D = 32
_max_rate = 80
_stim_mag = 0.5
_neuron_noise = 0.01
_synapse_memory = 0.15
_averages = 25
_mean_mem_noise = 0.0
_dataset = 'pre_PHE'
_noise_readout = 0.1
_plot_type = 'all'
_misperceive = 0.0
_backend = 'nengo'
_dt = 0.001
_seed = 1
_hide_overlay = False
_gui = False
rmse = 0.033746630676800018
values = [[0.4259712405852099, 0.20097184182791153, 0.11063280270564498, 0.07512174532614414], [0.999989765494846, 0.9777695002659076, 0.8657077174738155, 0.7737391009536181]]