_n_neurons = 500
_D = 32
_max_rate = 80
_stim_mag = 0.5
_neuron_noise = 0.01
_synapse_memory = 0.5
_averages = 50
_mean_mem_noise = 0.0
_dataset = 'pre_PHE'
_noise_readout = 0.1
_plot_type = 'all'
_misperceive = 0.15
_backend = 'nengo'
_dt = 0.001
_seed = 1
_hide_overlay = False
_gui = False
rmse = 0.060324130965683342
values = [[0.18304477273492484, 0.12350423609078011, 0.09048130626931668, 0.0675261302281736], [0.9664084917697954, 0.891592630458947, 0.8172177849072546, 0.750245117367546]]