_n_neurons = 200
_D = 8
_max_rate = 80
_stim_mag = 1
_neuron_noise = 0.01
_synapse_memory = 0.1
_backend = 'nengo'
_dt = 0.001
_seed = 5
_hide_overlay = False
_gui = False
choice_noise = 0.54259552669064814
rmse = 0.067509572342839108
sim_speed = 1.2431488595629128
values = [0.7165349899391329, 0.7231286481791405, 0.677430043335344, 0.7409349378261606]