_n_neurons = 500
_D = 32
_max_rate = 80
_stim_mag = 0.5
_neuron_noise = 0.01
_synapse_memory = 0.3
_averages = 5
_mean_mem_noise = 0.0
_dataset = 'pre_GFC'
_noise_readout = 0.1
_plot_type = 'memory'
_backend = 'nengo'
_dt = 0.001
_seed = 1
_hide_overlay = False
_gui = False
rmse = 0.063990285253165469
values = [0.43546654540155066, 0.20732804756021342, 0.1166091495495527, 0.03796324511848956]