_n_neurons = 500
_D = 32
_max_rate = 80
_stim_mag = 0.5
_neuron_noise = 0.01
_synapse_memory = 0.25
_averages = 50
_mean_mem_noise = 0.0
_dataset = 'pre_PHE'
_noise_readout = 0.1
_plot_type = 'all'
_misperceive = 0.0
_backend = 'nengo'
_dt = 0.001
_seed = 1
_hide_overlay = False
_gui = False
rmse = 0.53843507891075915
values = [[0.4825020963176009, 0.25584683948586745, 0.17550521147829692, 0.11167798289355241], [0.9999993000572868, 0.9947432811818966, 0.9603748030139364, 0.8679557622806031]]