_n_neurons = 500
_D = 20
_max_rate = 80
_stim_mag = 1.0
_neuron_noise = 0.01
_synapse_memory = 0.15
_averages = 50
_mean_mem_noise = 0.0
_dataset = 'pre_PHE'
_noise_readout = 0.1
_plot_type = 'all'
_misperceive = 0.05
_backend = 'nengo'
_dt = 0.001
_seed = 0
_hide_overlay = False
_gui = False
rmse = 0.036859524627409657
values = [[0.7015255845264902, 0.4258145473960052, 0.318777293716344, 0.24907345408332474], [0.998423755148766, 0.9787161702648111, 0.9394817058730354, 0.8608164672230262]]