_n_neurons = 500
_D = 8
_max_rate = 80
_stim_mag = 1
_neuron_noise = 0.01
_synapse_memory = 0.1
_backend = 'nengo'
_dt = 0.001
_seed = 29
_hide_overlay = False
_gui = False
choice_noise = 0.4219424079562305
rmse = 0.057824420201373003
sim_speed = 0.9436221505406448
values = [0.6467570368280305, 0.51580237928715, 0.522344730357576, 0.5336317068208565]