_n_neurons = 500
_D = 32
_max_rate = 80
_stim_mag = 0.4
_neuron_noise = 0.01
_synapse_memory = 0.7
_averages = 5
_mean_mem_noise = 0.0
_dataset = 'pre_GFC'
_noise_readout = 0.1
_plot_type = 'choice'
_backend = 'nengo'
_dt = 0.001
_seed = 1
_hide_overlay = False
_gui = False
rmse = 0.01440169222572197
values = [0.9945307053058925, 0.9359430051607189, 0.894382846710527, 0.772152834624273]