_n_neurons = 500
_D = 8
_max_rate = 80
_stim_mag = 1
_neuron_noise = 0.01
_synapse_memory = 0.1
_backend = 'nengo'
_dt = 0.001
_seed = 1
_hide_overlay = True
_gui = False
choice_noise = 0.35076462438430273
rmse = 0.020012142244993342
sim_speed = 3.044636281862137