_n_neurons = 500
_D = 21
_max_rate = 80
_stim_mag = 1.0
_neuron_noise = 0.01
_synapse_memory = 0.15
_averages = 100
_mean_mem_noise = 0.0
_dataset = 'pre_PHE'
_noise_readout = 0.1
_plot_type = 'all'
_misperceive = 0.07
_backend = 'nengo'
_dt = 0.001
_seed = 0
_hide_overlay = False
_gui = False
rmse = 0.029121087694359254
values = [[0.6659623385086152, 0.39495241167823214, 0.27762942699937054, 0.2207612234089993], [0.97912824191254, 0.970762397117042, 0.9229758835604788, 0.8736178281873762]]