_n_neurons = 500
_D = 32
_max_rate = 80
_stim_mag = 0.5
_neuron_noise = 0.01
_synapse_memory = 0.5
_averages = 50
_mean_mem_noise = 0.0
_dataset = 'pre_PHE'
_noise_readout = 0.1
_plot_type = 'all'
_misperceive = 0.0
_backend = 'nengo'
_dt = 0.001
_seed = 1
_hide_overlay = False
_gui = False
rmse = 0.11376322299567902
values = [[0.6510527768857338, 0.5075798166261651, 0.40459818699716565, 0.33027580651538474], [0.9999999999625564, 0.999999807063635, 0.999973947867143, 0.9995213052537527]]