_n_neurons = 500
_D = 32
_max_rate = 80
_stim_mag = 0.6
_neuron_noise = 0.01
_synapse_memory = 0.15
_averages = 50
_mean_mem_noise = 0.0
_dataset = 'pre_PHE'
_noise_readout = 0.1
_plot_type = 'all'
_misperceive = 0.0
_backend = 'nengo'
_dt = 0.001
_seed = 1
_hide_overlay = False
_gui = False
rmse = 0.026201234801995363
values = [[0.43333388619248203, 0.2094338629723798, 0.12625660572976793, 0.09147915506904956], [0.9999926567606547, 0.9818850872634611, 0.8966274136784123, 0.8198494643376033]]