_n_neurons = 500
_D = 8
_max_rate = 80
_stim_mag = 1
_neuron_noise = 0.1
_synapse_memory = 0.1
_averages = 1
_backend = 'nengo'
_dt = 0.001
_seed = 1
_hide_overlay = False
_gui = False
choice_noise = 0.0051503540918714378
rmse = 0.11021679015103415
sim_speed = 2.9713711827434865
values = [0.029355980857822005, 0.007564676123279576, 0.014158880600929537, 0.03256894341107005]