_n_neurons = 500
_D = 32
_max_rate = 80
_stim_mag = 0.3
_neuron_noise = 0.01
_synapse_memory = 0.5
_averages = 5
_mean_mem_noise = 0.0
_dataset = 'pre_GFC'
_noise_readout = 0.1
_plot_type = 'choice'
_backend = 'nengo'
_dt = 0.001
_seed = 1
_hide_overlay = False
_gui = False
rmse = 0.083136743300318477
values = [0.9733728526177894, 0.8875862223211095, 0.7428003385047381, 0.6932120116374435]