_n_neurons = 500
_D = 20
_max_rate = 80
_stim_mag = 1.0
_neuron_noise = 0.01
_synapse_memory = 0.15
_averages = 50
_mean_mem_noise = 0.0
_dataset = 'pre_PHE'
_noise_readout = 0.1
_plot_type = 'all'
_misperceive = 0.1
_backend = 'nengo'
_dt = 0.001
_seed = 0
_hide_overlay = False
_gui = False
rmse = 0.01850283963028343
values = [[0.7028489125924223, 0.44044075231101787, 0.3284842359329873, 0.27177258378173186], [0.9551647867202903, 0.9499052949864779, 0.9202374632240722, 0.8787038135902934]]