_n_neurons = 500
_D = 32
_max_rate = 80
_stim_mag = 0.5
_neuron_noise = 0.01
_synapse_memory = 0.5
_averages = 50
_mean_mem_noise = 0.0
_dataset = 'pre_PHE'
_noise_readout = 0.1
_plot_type = 'all'
_misperceive = 0.1
_backend = 'nengo'
_dt = 0.001
_seed = 1
_hide_overlay = False
_gui = False
rmse = 0.054974234059119463
values = [[0.3384683002169757, 0.2256000215601579, 0.16240924441965593, 0.12256554250361498], [0.9996436975043757, 0.9879646911852713, 0.9478219598417494, 0.8898358144664102]]