_n_neurons = 500
_D = 32
_max_rate = 80
_stim_mag = 0.5
_neuron_noise = 0.01
_synapse_memory = 0.5
_averages = 50
_mean_mem_noise = 0.0
_dataset = 'pre_PHE'
_noise_readout = 0.1
_plot_type = 'all'
_misperceive = 0.0
_backend = 'nengo'
_dt = 0.001
_seed = 1
_hide_overlay = False
_gui = False
rmse = 0.075767045432347094
values = [[0.3994816962783819, 0.27053989635826037, 0.19230415132197698, 0.14401091705984512], [0.9999676278739342, 0.9965888800864292, 0.972762581729077, 0.9250817425208817]]