_n_neurons = 500
_D = 1
_max_rate = 200
_stim_mag = 1.0
_neuron_noise = 0.01
_synapse_memory = 0.1
_averages = 20
_mean_mem_noise = 0.0
_dataset = 'pre_PHE'
_noise_readout = 0.1
_plot_type = 'all'
_misperceive = 0.0
_backend = 'nengo'
_dt = 0.001
_seed = 1
_hide_overlay = False
_gui = False
rmse = 0.11029240562573188
values = [[0.9759719137377518, 0.8897438046063183, 0.8140774080386457, 0.7410181399089655], [0.9999990306872998, 0.9999513921592885, 0.9991574902032279, 0.9920277046859275]]