_n_neurons = 500
_D = 21
_max_rate = 80
_stim_mag = 1.0
_neuron_noise = 0.01
_synapse_memory = 0.14
_averages = 100
_mean_mem_noise = 0.1
_dataset = 'pre_PHE'
_noise_readout = 0.1
_plot_type = 'all'
_misperceive = 0.07
_backend = 'nengo'
_dt = 0.001
_seed = 0
_hide_overlay = False
_gui = False
rmse = 0.072589721459998174
values = [[0.6489261747612488, 0.35253383092920776, 0.2386929638109858, 0.2019103098715345], [0.9710316526183014, 0.8793612905360608, 0.7682490463303104, 0.7209991246753347]]