_n_neurons = 500
_D = 21
_max_rate = 80
_stim_mag = 1.0
_neuron_noise = 0.005
_synapse_memory = 0.1
_averages = 100
_mean_mem_noise = 0.0
_dataset = 'post_PHE'
_noise_readout = 0.1
_plot_type = 'all'
_misperceive = 0.07
_backend = 'nengo'
_dt = 0.001
_seed = 0
_hide_overlay = False
_gui = False
rmse = 0.095595169605869362
values = [[0.7765026882253246, 0.6404767127760581, 0.5765972367869174, 0.5460798627191608], [0.9513548778340417, 0.9536089339839959, 0.951302688188949, 0.9491141784164907]]