_n_neurons = 500
_D = 21
_max_rate = 80
_stim_mag = 1.0
_neuron_noise = 0.01
_synapse_memory = 0.14
_averages = 100
_mean_mem_noise = 0.0
_dataset = 'pre_PHE'
_noise_readout = 0.1
_plot_type = 'all'
_misperceive = 0.07
_backend = 'nengo'
_dt = 0.001
_seed = 0
_hide_overlay = False
_gui = False
rmse = 0.010675201385888122
values = [[0.6469747530393221, 0.3827685280455656, 0.27570528118007614, 0.22532979836251413], [0.9659443121654456, 0.9596835737465271, 0.9073630742615546, 0.8397098453700251]]