_n_neurons = 500
_D = 35
_max_rate = 80
_stim_mag = 1.0
_neuron_noise = 0.01
_synapse_memory = 0.14
_averages = 100
_mean_mem_noise = 0.0
_dataset = 'pre_PHE'
_noise_readout = 0.1
_plot_type = 'all'
_misperceive = 0.07
_backend = 'nengo'
_dt = 0.001
_seed = 0
_hide_overlay = False
_gui = False
rmse = 0.1433343771069194
values = [[0.35372980782235525, 0.13024382526327094, 0.06367873907199323, 0.04364071003940108], [0.951848206392085, 0.8126384804874718, 0.6721753497617581, 0.6200004549310075]]