_n_neurons = 500
_D = 21
_max_rate = 80
_stim_mag = 1.0
_neuron_noise = 0.01
_synapse_memory = 0.14
_averages = 100
_mean_mem_noise = 0.002
_dataset = 'pre_PHE'
_noise_readout = 0.1
_plot_type = 'all'
_misperceive = 0.07
_backend = 'nengo'
_dt = 0.001
_seed = 0
_hide_overlay = False
_gui = False
rmse = 0.074649362738404584
values = [[0.5652992336886781, 0.2940894823272613, 0.19696415752173393, 0.15185240090587487], [0.961644498266284, 0.8747045417932897, 0.7765163714860006, 0.7185371375008074]]