_n_neurons = 1000
_D = 8
_max_rate = 80
_stim_mag = 1
_neuron_noise = 0.01
_synapse_memory = 0.1
_backend = 'nengo'
_dt = 0.001
_seed = 1
_hide_overlay = False
_gui = False
choice_noise = 0.15053779301919704
rmse = 0.043124893278368305
sim_speed = 1.06467347852995
values = [0.6576722636235102, 0.27898492584827894, 0.15550713874801397, 0.15303576792864426]