_n_neurons = 1000
_D = 1
_max_rate = 80
_stim_mag = 1.0
_neuron_noise = 0.01
_synapse_memory = 0.1
_averages = 10
_mean_mem_noise = 0.0
_dataset = 'pre_PHE'
_noise_readout = 0.1
_plot_type = 'all'
_misperceive = 0.0
_backend = 'nengo'
_dt = 0.001
_seed = 1
_hide_overlay = False
_gui = False
rmse = 0.16312082688736729
values = [[0.9276584940719758, 0.6037297773484717, 0.38586507626178124, 0.24430159793720185], [0.9999999999938475, 0.999797878188215, 0.912871359329458, 0.477278962073863]]