_n_neurons = 500
_D = 21
_max_rate = 80
_stim_mag = 1.0
_neuron_noise = 0.01
_synapse_memory = 0.13
_averages = 100
_mean_mem_noise = 0.0
_dataset = 'pre_PHE'
_noise_readout = 0.1
_plot_type = 'all'
_misperceive = 0.07
_backend = 'nengo'
_dt = 0.001
_seed = 0
_hide_overlay = False
_gui = False
rmse = 0.015252392950475008
values = [[0.6076321377687328, 0.3487123777272226, 0.2460524979887484, 0.19203327446109103], [0.9800979813388971, 0.9717308980518304, 0.9018334687402296, 0.8373472236709428]]