_n_neurons = 500
_D = 70
_max_rate = 80
_stim_mag = 1.0
_neuron_noise = 0.01
_synapse_memory = 0.1
_averages = 100
_mean_mem_noise = 0.0
_dataset = 'pre_PHE'
_noise_readout = 0.1
_plot_type = 'all'
_misperceive = 0.0
_backend = 'nengo'
_dt = 0.001
_seed = 0
_hide_overlay = False
_gui = False
rmse = 0.073744090040194721
values = [[0.3265370950863879, 0.29005512422029517, 0.2912303451282337, 0.2735871110328264], [0.9931945702221536, 0.9798925099627007, 0.9792796112020405, 0.972609668773884]]