_n_neurons = 500
_D = 32
_max_rate = 80
_stim_mag = 0.5
_neuron_noise = 0.01
_synapse_memory = 0.5
_averages = 50
_mean_mem_noise = 0.0
_dataset = 'pre_PHE'
_noise_readout = 0.1
_plot_type = 'all'
_misperceive = 0.05
_backend = 'nengo'
_dt = 0.001
_seed = 1
_hide_overlay = False
_gui = False
rmse = 0.049975497024380464
values = [[0.312846612476342, 0.21191071638593356, 0.15573642246584876, 0.11898436134820183], [0.99912139367424, 0.982959294280919, 0.9403079825207822, 0.8829460679605905]]