_n_neurons = 100
_D = 25
_max_rate = 80
_stim_mag = 1.0
_neuron_noise = 0.01
_synapse_memory = 0.1
_averages = 100
_mean_mem_noise = 0.0
_dataset = 'pre_PHE'
_noise_readout = 0.1
_plot_type = 'all'
_misperceive = 0.0
_backend = 'nengo'
_dt = 0.001
_seed = 0
_hide_overlay = False
_gui = False
rmse = 0.075512670629285489
values = [[0.39844642399436675, 0.3624478913132749, 0.3459036848318381, 0.3590035501080572], [0.9897470882647856, 0.9785763084780118, 0.9802842982910172, 0.9834429874833274]]