_n_neurons = 500
_D = 8
_max_rate = 80
_stim_mag = 1
_neuron_noise = 0.01
_synapse_memory = 0.1
_backend = 'nengo'
_dt = 0.001
_seed = 12
_hide_overlay = False
_gui = False
choice_noise = 0.35850963773347472
rmse = 0.024329063294114921
sim_speed = 0.9747034175123998
values = [0.6735863339209185, 0.5623052229615038, 0.4118865406918359, 0.3469950781809572]