_n_neurons = 500
_D = 21
_max_rate = 80
_stim_mag = 1.0
_neuron_noise = 0.01
_synapse_memory = 0.14
_averages = 100
_mean_mem_noise = 0.0
_dataset = 'pre_PHE'
_noise_readout = 0.1
_plot_type = 'all'
_misperceive = 0.07
_backend = 'nengo'
_dt = 0.001
_seed = 0
_hide_overlay = False
_gui = False
rmse = 0.069329870138650884
values = [[1.0306656502508575, 0.9122217865609649, 0.8715140244581268, 0.8556307214910412], [0.9769908753279265, 0.9766566953342529, 0.9774669009447243, 0.9762050089476998]]