_n_neurons = 500
_D = 21
_max_rate = 80
_stim_mag = 1.0
_neuron_noise = 0.01
_synapse_memory = 0.14
_averages = 100
_mean_mem_noise = 0.002
_dataset = 'pre_PHE'
_noise_readout = 0.1
_plot_type = 'all'
_misperceive = 0.07
_backend = 'nengo'
_dt = 0.001
_seed = 0
_hide_overlay = False
_gui = False
rmse = 0.067392676921023631
values = [[1.0336391452941553, 0.9306439198154517, 0.8852624344487584, 0.8608736822580725], [0.9769352707035456, 0.9764901488277015, 0.9754741777591969, 0.9706711103936506]]