_n_neurons = 500
_D = 21
_max_rate = 80
_stim_mag = 1.0
_neuron_noise = 0.01
_synapse_memory = 0.14
_averages = 100
_mean_mem_noise = 0.03
_dataset = 'post_PHE'
_noise_readout = 0.1
_plot_type = 'all'
_misperceive = 0.07
_backend = 'nengo'
_dt = 0.001
_seed = 0
_hide_overlay = False
_gui = False
rmse = 0.054730016848406671
values = [[0.6852687618961035, 0.4194358299918989, 0.31054500092746906, 0.2690661535994966], [0.9683935531929927, 0.9521927761480979, 0.8863945078015061, 0.8349392302510299]]