_n_neurons = 100
_D = 20
_max_rate = 80
_stim_mag = 1.0
_neuron_noise = 0.01
_synapse_memory = 0.1
_averages = 100
_mean_mem_noise = 0.0
_dataset = 'pre_PHE'
_noise_readout = 0.1
_plot_type = 'all'
_misperceive = 0.0
_backend = 'nengo'
_dt = 0.001
_seed = 0
_hide_overlay = False
_gui = False
rmse = 0.084833035617068842
values = [[0.5489668692813379, 0.5242873459496207, 0.5189234163721708, 0.5226941296357164], [0.9927744556098385, 0.9951314386160314, 0.9924587257670012, 0.9889675224754043]]