_n_neurons = 500
_D = 28
_max_rate = 80
_stim_mag = 1.0
_neuron_noise = 0.01
_synapse_memory = 0.1
_averages = 50
_mean_mem_noise = 0.0
_dataset = 'pre_PHE'
_noise_readout = 0.1
_plot_type = 'all'
_misperceive = 0.1
_backend = 'nengo'
_dt = 0.001
_seed = 1
_hide_overlay = False
_gui = False
rmse = 0.70206859672341837
values = [[0.3130717833031588, 0.14747186001210597, 0.10263656778561316, 0.07486945915701394], [0.9991281019019197, 0.9298558933414615, 0.8476403750839627, 0.7729793478924487]]