_n_neurons = 500
_D = 21
_max_rate = 80
_stim_mag = 1.0
_neuron_noise = 0.01
_synapse_memory = 0.14
_averages = 100
_mean_mem_noise = 0.0
_dataset = 'post_PHE'
_noise_readout = 0.1
_plot_type = 'all'
_misperceive = 0.07
_backend = 'nengo'
_dt = 0.001
_seed = 0
_hide_overlay = False
_gui = False
rmse = 0.084765858458880045
values = [[0.6537571421554523, 0.4049022459307048, 0.31692535617157597, 0.2675770619632463], [0.9803370455965168, 0.9740016996512597, 0.9301833978658282, 0.8775412907219154]]