_n_neurons = 500
_D = 32
_max_rate = 80
_stim_mag = 1
_neuron_noise = 0.02
_synapse_memory = 0.2
_backend = 'nengo'
_dt = 0.001
_seed = 1
_hide_overlay = True
_gui = False
choice_noise = 0.039741985545876553
rmse = 0.041047967744397652
sim_speed = 2.699213256313775