_n_neurons = 500
_D = 32
_max_rate = 80
_stim_mag = 0.5
_neuron_noise = 0.01
_synapse_memory = 0.5
_averages = 50
_mean_mem_noise = 0.0
_dataset = 'pre_PHE'
_noise_readout = 0.1
_plot_type = 'all'
_misperceive = 0.0
_backend = 'nengo'
_dt = 0.001
_seed = 1
_hide_overlay = False
_gui = False
rmse = 0.078446231085006923
values = [[0.44894369069538165, 0.29005980805573467, 0.20875503303052023, 0.14502322371585138], [0.9999964294152812, 0.9981377437077221, 0.9815807917638849, 0.926503115897189]]