_n_neurons = 500
_D = 32
_max_rate = 80
_stim_mag = 1.0
_neuron_noise = 0.01
_synapse_memory = 0.1
_averages = 50
_mean_mem_noise = 0.0
_dataset = 'pre_PHE'
_noise_readout = 0.1
_plot_type = 'all'
_misperceive = 0.0
_backend = 'nengo'
_dt = 0.001
_seed = 1
_hide_overlay = False
_gui = False
rmse = 0.70411719437784004
values = [[0.34466961972737953, 0.14751947916132585, 0.09206842902791512, 0.05230573503632024], [0.9997162568290642, 0.9299199093329034, 0.8213923597793643, 0.6995328280053168]]