_n_neurons = 50
_D = 8
_max_rate = 80
_stim_mag = 1
_neuron_noise = 0.01
_synapse_memory = 0.1
_backend = 'nengo'
_dt = 0.001
_seed = 9
_hide_overlay = False
_gui = False
choice_noise = 0.60977648297402176
rmse = 0.042858796386843812
sim_speed = 2.5048407086939264
values = [1.0392025444277413, 0.8844891761470046, 0.6656296597347215, 0.6828874290209501]