_n_neurons = 500
_D = 20
_max_rate = 80
_stim_mag = 1.0
_neuron_noise = 0.01
_synapse_memory = 0.15
_averages = 50
_mean_mem_noise = 0.0
_dataset = 'pre_PHE'
_noise_readout = 0.1
_plot_type = 'all'
_misperceive = 0.1
_backend = 'nengo'
_dt = 0.001
_seed = 0
_hide_overlay = False
_gui = False
rmse = 0.017715064993147345
values = [[0.7084462439849026, 0.4523100750056311, 0.32669425604799535, 0.2670791394343525], [0.9526329242550097, 0.9538356841074276, 0.9124648725601032, 0.8819267790500489]]