_n_neurons = 500
_D = 30
_max_rate = 80
_stim_mag = 0.62
_neuron_noise = 0.01
_synapse_memory = 0.15
_averages = 50
_mean_mem_noise = 0.0
_dataset = 'pre_PHE'
_noise_readout = 0.1
_plot_type = 'all'
_misperceive = 0.0
_backend = 'nengo'
_dt = 0.001
_seed = 1
_hide_overlay = False
_gui = False
rmse = 0.032219177323693657
values = [[0.46476133913354467, 0.21341527653402334, 0.13703364656151495, 0.10069577802351894], [0.9999983210124347, 0.9835848611036363, 0.9147090525259753, 0.8430224682535089]]