_n_neurons = 500
_D = 22
_max_rate = 80
_stim_mag = 1.0
_neuron_noise = 0.01
_synapse_memory = 0.15
_averages = 100
_mean_mem_noise = 0.0
_dataset = 'pre_PHE'
_noise_readout = 0.1
_plot_type = 'all'
_misperceive = 0.07
_backend = 'nengo'
_dt = 0.001
_seed = 0
_hide_overlay = False
_gui = False
rmse = 0.016547791677468143
values = [[0.6700407220278098, 0.4235253975625305, 0.30477232734552995, 0.24194535595288535], [0.9717113700492793, 0.9688730342769662, 0.900465876773104, 0.855140885610523]]