_n_neurons = 500
_D = 32
_max_rate = 80
_stim_mag = 0.5
_neuron_noise = 0.01
_synapse_memory = 0.5
_averages = 50
_mean_mem_noise = 0.0
_dataset = 'pre_PHE'
_noise_readout = 0.1
_plot_type = 'all'
_misperceive = 0.1
_backend = 'nengo'
_dt = 0.001
_seed = 1
_hide_overlay = False
_gui = False
rmse = 0.038571995699441537
values = [[0.28313600183755766, 0.19187814491699132, 0.1424095435299648, 0.11050110348643254], [0.997682474146767, 0.9724940007367516, 0.9227905761900347, 0.8654225961748228]]