_n_neurons = 1000
_D = 8
_max_rate = 80
_stim_mag = 1
_neuron_noise = 0.01
_synapse_memory = 0.1
_backend = 'nengo'
_dt = 0.001
_seed = 29
_hide_overlay = False
_gui = False
choice_noise = 0.54042142631296186
rmse = 0.057187295696649959
sim_speed = 0.9475971282553028
values = [0.7836025741837389, 0.7019678431665016, 0.6592513121861646, 0.6827857137351494]