_n_neurons = 20
_D = 8
_max_rate = 80
_stim_mag = 1
_neuron_noise = 0.01
_synapse_memory = 0.1
_backend = 'nengo'
_dt = 0.001
_seed = 8
_hide_overlay = False
_gui = False
choice_noise = 0.035681080041689246
rmse = 0.055489879604909351
sim_speed = 3.5883364419031727
values = [0.09073658309918552, 0.20478693538960618, 0.150539479130852, 0.02948905122670288]