_n_neurons = 100
_D = 8
_max_rate = 80
_stim_mag = 1
_neuron_noise = 0.01
_synapse_memory = 0.1
_backend = 'nengo'
_dt = 0.001
_seed = 14
_hide_overlay = False
_gui = False
choice_noise = 0.377242083553395
rmse = 0.056002628053216319
sim_speed = 1.2118776980230321
values = [0.543188257020465, 0.4682045400649466, 0.49610210555030365, 0.46460434737856293]