_n_neurons = 500
_D = 32
_max_rate = 80
_stim_mag = 0.3
_neuron_noise = 0.01
_synapse_memory = 0.3
_averages = 50
_mean_mem_noise = 0.0
_dataset = 'pre_PHE'
_noise_readout = 0.1
_plot_type = 'all'
_misperceive = 0.0
_backend = 'nengo'
_dt = 0.001
_seed = 1
_hide_overlay = False
_gui = False
rmse = 0.027801117670322863
values = [[0.2893179076926021, 0.16391735308162989, 0.1108841720190715, 0.07829991864997245], [0.9980931810273294, 0.9494114376389524, 0.8662507654767979, 0.783186205119563]]