_n_neurons = 500
_D = 32
_max_rate = 80
_stim_mag = 0.4
_neuron_noise = 0.01
_synapse_memory = 0.6
_averages = 50
_mean_mem_noise = 0.0
_dataset = 'pre_PHE'
_noise_readout = 0.1
_plot_type = 'all'
_misperceive = 0.05
_backend = 'nengo'
_dt = 0.001
_seed = 1
_hide_overlay = False
_gui = False
rmse = 0.032944186187184893
values = [[0.26942085884281836, 0.1836027468074391, 0.1356309401928397, 0.10619556671550782], [0.9964722002909427, 0.9668232028450949, 0.9124996273523447, 0.8558720941666992]]