_n_neurons = 500
_D = 16
_max_rate = 80
_stim_mag = 1
_neuron_noise = 0.01
_synapse_memory = 0.1
_backend = 'nengo'
_dt = 0.001
_seed = 1
_hide_overlay = True
_gui = False
choice_noise = 0.23619743605909835
rmse = 0.018862547854426009
sim_speed = 2.0695619226671194