_n_neurons = 100
_D = 8
_max_rate = 80
_stim_mag = 1
_neuron_noise = 0.01
_synapse_memory = 0.1
_backend = 'nengo'
_dt = 0.001
_seed = 27
_hide_overlay = False
_gui = False
choice_noise = 0.10162012926252403
rmse = 0.031584317019108986
sim_speed = 1.0612708332683196
values = [0.5921172478086423, 0.2627354917285595, 0.13214249927315572, 0.08474130240319061]