_n_neurons = 500
_D = 32
_max_rate = 80
_stim_mag = 0.4
_neuron_noise = 0.01
_synapse_memory = 0.7
_averages = 50
_mean_mem_noise = 0.0
_dataset = 'pre_PHE'
_noise_readout = 0.1
_plot_type = 'all'
_misperceive = 0.0
_backend = 'nengo'
_dt = 0.001
_seed = 1
_hide_overlay = False
_gui = False
rmse = 0.051406261718707894
values = [[0.2783662407953102, 0.1994849373076441, 0.15726479512087335, 0.12184271724131651], [0.9973125527059034, 0.9769703447101601, 0.9420998210115864, 0.8884691577617911]]