_n_neurons = 500
_D = 20
_max_rate = 80
_stim_mag = 1.0
_neuron_noise = 0.01
_synapse_memory = 0.1
_averages = 50
_mean_mem_noise = 0.0
_dataset = 'pre_PHE'
_noise_readout = 0.1
_plot_type = 'all'
_misperceive = 0.0
_backend = 'nengo'
_dt = 0.001
_seed = 1
_hide_overlay = False
_gui = False
rmse = 0.33888293274179609
values = [[0.5815482504919719, 0.34580642763433717, 0.24588544666644357, 0.19388798131523496], [0.9999999969770381, 0.9997279642187148, 0.9930309446843623, 0.9737420127153571]]