_n_neurons = 50
_D = 8
_max_rate = 80
_stim_mag = 1
_neuron_noise = 0.01
_synapse_memory = 0.1
_backend = 'nengo'
_dt = 0.001
_seed = 2
_hide_overlay = False
_gui = False
choice_noise = 0.16976692180708647
rmse = 0.35084809653689303
sim_speed = 3.2629232293597203
values = [0.1480476974883851, 0.08094795373746143, 0.005588058327755222, -0.08552446572866923]