_n_neurons = 500
_D = 64
_max_rate = 80
_stim_mag = 1.4
_neuron_noise = 0.01
_synapse_memory = 1.6
_averages = 10
_mean_mem_noise = 0.01
_dataset = 'pre_PHE'
_noise_readout = 0.1
_plot_type = 'memory'
_backend = 'nengo'
_dt = 0.001
_seed = 1
_hide_overlay = False
_gui = False
rmse = 0.54345275265481785
values = [0.043918765447365705, -0.022535803435945613, -0.0593370763783533, -0.096358311599374]