_n_neurons = 500
_D = 20
_max_rate = 80
_stim_mag = 1.0
_neuron_noise = 0.01
_synapse_memory = 0.15
_averages = 50
_mean_mem_noise = 0.0
_dataset = 'pre_PHE'
_noise_readout = 0.1
_plot_type = 'all'
_misperceive = 0.0
_backend = 'nengo'
_dt = 0.001
_seed = 0
_hide_overlay = False
_gui = False
rmse = 0.061209730434422988
values = [[0.747870800395878, 0.4572034264548255, 0.34892942971932345, 0.28640501419432746], [0.9999998764189022, 0.9948758399169014, 0.9654549604733866, 0.9145082449285017]]