_n_neurons = 1000
_D = 8
_max_rate = 80
_stim_mag = 1
_neuron_noise = 0.01
_synapse_memory = 0.1
_backend = 'nengo'
_dt = 0.001
_seed = 8
_hide_overlay = False
_gui = False
choice_noise = 0.27246671283070861
rmse = 0.027389655378048584
sim_speed = 0.9391333163661713
values = [0.6281275754987067, 0.38258647898258763, 0.32404728555326723, 0.2692544291054423]