_n_neurons = 500
_D = 21
_max_rate = 80
_stim_mag = 1.0
_neuron_noise = 0.01
_synapse_memory = 0.14
_averages = 100
_mean_mem_noise = 0.0
_dataset = 'pre_PHE'
_noise_readout = 0.1
_plot_type = 'all'
_misperceive = 0.07
_backend = 'nengo'
_dt = 0.001
_seed = 0
_hide_overlay = False
_gui = False
rmse = 0.0025258819561007617
values = [[0.6298841873854751, 0.36913747110357115, 0.2557746807591246, 0.19380797672049407], [0.9587714375785423, 0.9577679411722412, 0.9038336226591638, 0.8197305264144558]]