_n_neurons = 500
_D = 30
_max_rate = 80
_stim_mag = 0.6
_neuron_noise = 0.01
_synapse_memory = 0.15
_averages = 1
_mean_mem_noise = 0.0
_dataset = 'pre_PHE'
_noise_readout = 0.1
_plot_type = 'all'
_misperceive = 0.05
_backend = 'nengo'
_dt = 0.001
_seed = 0
_hide_overlay = False
_gui = False
rmse = 0.083177354543453985
values = [[0.37526138613090926, 0.15503480514731222, 0.06788246852046939, 0.07429659017574688], [0.9999124998477616, 0.9394710000417553, 0.7513755245716969, 0.771248837599217]]