_n_neurons = 500
_D = 23
_max_rate = 80
_stim_mag = 1.0
_neuron_noise = 0.01
_synapse_memory = 0.15
_averages = 100
_mean_mem_noise = 0.0
_dataset = 'pre_PHE'
_noise_readout = 0.1
_plot_type = 'all'
_misperceive = 0.07
_backend = 'nengo'
_dt = 0.001
_seed = 0
_hide_overlay = False
_gui = False
rmse = 0.028318435487747373
values = [[0.5971435711875832, 0.3277884918435278, 0.21288365301898346, 0.16140648029769492], [0.961579668948478, 0.9417337041130661, 0.8460645653896712, 0.7673483195977951]]