_n_neurons = 20
_D = 8
_max_rate = 80
_stim_mag = 1
_neuron_noise = 0.01
_synapse_memory = 0.1
_backend = 'nengo'
_dt = 0.001
_seed = 3
_hide_overlay = False
_gui = False
choice_noise = 0.14810121648548927
rmse = 0.24270791775239839
sim_speed = 3.481776922323429
values = [-0.004966127299640381, 0.18722510853760047, 0.20236210167320454, 0.13013410684046814]