_n_neurons = 500
_D = 21
_max_rate = 80
_stim_mag = 1.0
_neuron_noise = 0.01
_synapse_memory = 0.14
_averages = 100
_mean_mem_noise = 0.0
_dataset = 'pre_PHE'
_noise_readout = 0.1
_plot_type = 'all'
_misperceive = 0.07
_backend = 'nengo'
_dt = 0.001
_seed = 0
_hide_overlay = False
_gui = False
rmse = 0.011252543079514343
values = [[0.6459106119958998, 0.3896494466522427, 0.28068779651331677, 0.2168110716143737], [0.9636703841590665, 0.9581704858445117, 0.9071159761902389, 0.8460533261242403]]