_n_neurons = 500
_D = 30
_max_rate = 80
_stim_mag = 0.6
_neuron_noise = 0.01
_synapse_memory = 0.15
_averages = 50
_mean_mem_noise = 0.0
_dataset = 'pre_PHE'
_noise_readout = 0.1
_plot_type = 'all'
_misperceive = 0.05
_backend = 'nengo'
_dt = 0.001
_seed = 1
_hide_overlay = False
_gui = False
rmse = 0.0280279786606039
values = [[0.40508543742585457, 0.187273527243774, 0.11350401330933366, 0.07903827687574345], [0.9999744845195697, 0.969447524970973, 0.8718207483389687, 0.7853478688602902]]