_n_neurons = 500
_D = 8
_max_rate = 80
_stim_mag = 1
_neuron_noise = 0.01
_synapse_memory = 0.1
_backend = 'nengo'
_dt = 0.001
_seed = 13
_hide_overlay = False
_gui = False
choice_noise = 0.34834287809713371
rmse = 0.031767949068970978
sim_speed = 1.0879014620501903
values = [0.615090754176029, 0.46658508124787196, 0.4275794808908871, 0.36332270079175627]