_n_neurons = 500
_D = 64
_max_rate = 80
_stim_mag = 1.4
_neuron_noise = 0.01
_synapse_memory = 1.6
_averages = 50
_mean_mem_noise = -0.0
_dataset = 'pre_PHE'
_noise_readout = 0.09
_plot_type = 'choice'
_backend = 'nengo'
_dt = 0.001
_seed = 1
_hide_overlay = False
_gui = False
rmse = 0.01553784740355116
values = [0.9918636075394247, 0.9519970993762675, 0.8902271696826751, 0.7927499428168916]