_n_neurons = 500
_D = 30
_max_rate = 80
_stim_mag = 0.5
_neuron_noise = 0.01
_synapse_memory = 0.15
_averages = 10
_mean_mem_noise = 0.0
_dataset = 'pre_PHE'
_noise_readout = 0.1
_plot_type = 'all'
_misperceive = 0.0
_backend = 'nengo'
_dt = 0.001
_seed = 1
_hide_overlay = False
_gui = False
rmse = 0.11703750180606308
values = [[0.38728907943573304, 0.16757336430963266, 0.06778683532162066, 0.033558947664557505], [0.9999462239865257, 0.9531048115622445, 0.7510724164536133, 0.6314097696636167]]