_n_neurons = 500
_D = 20
_max_rate = 80
_stim_mag = 1.0
_neuron_noise = 0.01
_synapse_memory = 0.15
_averages = 50
_mean_mem_noise = 0.0
_dataset = 'pre_PHE'
_noise_readout = 0.1
_plot_type = 'all'
_misperceive = 0.1
_backend = 'nengo'
_dt = 0.001
_seed = 0
_hide_overlay = False
_gui = False
rmse = 0.025061294392283801
values = [[0.7009175176997177, 0.446388627527952, 0.33896365142179813, 0.25966535547644876], [0.9524297639577627, 0.9553985280464202, 0.9449254145045495, 0.8774914710604028]]