_n_neurons = 500
_D = 8
_max_rate = 80
_stim_mag = 1
_neuron_noise = 0.01
_synapse_memory = 0.1
_backend = 'nengo'
_dt = 0.001
_seed = 18
_hide_overlay = False
_gui = False
choice_noise = 0.3438099410944474
rmse = 0.011803410740119785
sim_speed = 1.0816528851356204
values = [0.6973701583963523, 0.5709317471718599, 0.4256691540260064, 0.29590897416395795]