_n_neurons = 500
_D = 21
_max_rate = 80
_stim_mag = 1.0
_neuron_noise = 0.01
_synapse_memory = 0.14
_averages = 100
_mean_mem_noise = 0.001
_dataset = 'post_PHE'
_noise_readout = 0.1
_plot_type = 'all'
_misperceive = 0.07
_backend = 'nengo'
_dt = 0.001
_seed = 0
_hide_overlay = False
_gui = False
rmse = 0.02919669056196339
values = [[0.6215060562176195, 0.35952365161443195, 0.25068183240387604, 0.21385437843081495], [0.9664243039832736, 0.924378682036931, 0.851083204469002, 0.7979005717586469]]