_n_neurons = 500
_D = 32
_max_rate = 80
_stim_mag = 0.5
_neuron_noise = 0.01
_synapse_memory = 0.15
_averages = 10
_mean_mem_noise = 0.0
_dataset = 'pre_PHE'
_noise_readout = 0.1
_plot_type = 'all'
_misperceive = 0.0
_backend = 'nengo'
_dt = 0.001
_seed = 1
_hide_overlay = False
_gui = False
rmse = 0.045640760384493967
values = [[0.43425554563780555, 0.2079652849550396, 0.1164476942491307, 0.06015846586624076], [0.9999929582539911, 0.9812213071228008, 0.8778846088987681, 0.7262746783297284]]