_n_neurons = 500
_D = 8
_max_rate = 80
_stim_mag = 1
_neuron_noise = 0.01
_synapse_memory = 0.1
_averages = 1
_backend = 'nengo'
_dt = 0.001
_seed = 1
_hide_overlay = False
_gui = False
choice_noise = 0.3166510515203349
rmse = 0.019353543799902201
sim_speed = 2.165282536830617
values = [0.7069880258363044, 0.49432461472934675, 0.3759320720995294, 0.29106257262735163]