_n_neurons = 500
_D = 1
_max_rate = 200
_stim_mag = 1.0
_neuron_noise = 0.01
_synapse_memory = 0.1
_averages = 20
_mean_mem_noise = 0.0
_dataset = 'pre_PHE'
_noise_readout = 0.1
_plot_type = 'all'
_misperceive = 0.0
_backend = 'nengo'
_dt = 0.001
_seed = 1
_hide_overlay = False
_gui = False
rmse = 0.11357470576647505
values = [[0.9872015066737407, 0.9190780712130264, 0.8639487080723065, 0.8137140983780486], [0.9999994476712879, 0.9999861001879313, 0.9998634091789191, 0.9991469796505991]]