_n_neurons = 1000
_D = 8
_max_rate = 80
_stim_mag = 1
_neuron_noise = 0.01
_synapse_memory = 0.1
_averages = 1
_backend = 'nengo'
_dt = 0.001
_seed = 1
_hide_overlay = False
_gui = False
choice_noise = 0.34189626144199686
rmse = 0.027453455474273993
sim_speed = 1.3013614130311313
values = [0.6992755317506965, 0.48524044378559505, 0.400947338481049, 0.3412985368238651]