_n_neurons = 500
_D = 128
_max_rate = 80
_stim_mag = 1.0
_neuron_noise = 0.01
_synapse_memory = 0.1
_averages = 100
_mean_mem_noise = 0.0
_dataset = 'pre_PHE'
_noise_readout = 0.1
_plot_type = 'all'
_misperceive = 0.0
_backend = 'nengo'
_dt = 0.001
_seed = 0
_hide_overlay = False
_gui = False
rmse = 0.10928566228290021
values = [[0.10011386013763797, 0.09243002488748871, 0.0881001935641733, 0.09222980318235258], [0.8110201777672664, 0.7990424187448093, 0.7883057657063488, 0.7944889886499746]]