_n_neurons = 500
_D = 20
_max_rate = 80
_stim_mag = 1.0
_neuron_noise = 0.01
_synapse_memory = 0.15
_averages = 50
_mean_mem_noise = 0.0
_dataset = 'pre_PHE'
_noise_readout = 0.1
_plot_type = 'all'
_misperceive = 0.0
_backend = 'nengo'
_dt = 0.001
_seed = 0
_hide_overlay = False
_gui = False
rmse = 0.06826529308929763
values = [[0.7523824531783768, 0.4716133190857706, 0.36044511219495917, 0.29659227467051996], [0.9999999835688606, 0.9963110939084326, 0.9690271575695406, 0.9377229373103567]]