_n_neurons = 500
_D = 22
_max_rate = 80
_stim_mag = 1.0
_neuron_noise = 0.01
_synapse_memory = 0.15
_averages = 100
_mean_mem_noise = 0.0
_dataset = 'pre_PHE'
_noise_readout = 0.1
_plot_type = 'all'
_misperceive = 0.0
_backend = 'nengo'
_dt = 0.001
_seed = 0
_hide_overlay = False
_gui = False
rmse = 0.043162484639751419
values = [[0.6825381556768936, 0.4226019938275007, 0.30382360339672826, 0.24119143280519334], [0.9999918719147161, 0.993024553108513, 0.9302431447664081, 0.8793903687693685]]