_n_neurons = 500
_D = 30
_max_rate = 80
_stim_mag = 0.65
_neuron_noise = 0.01
_synapse_memory = 0.15
_averages = 50
_mean_mem_noise = 0.0
_dataset = 'pre_PHE'
_noise_readout = 0.1
_plot_type = 'all'
_misperceive = 0.0
_backend = 'nengo'
_dt = 0.001
_seed = 1
_hide_overlay = False
_gui = False
rmse = 0.031568753249512749
values = [[0.4628231216802814, 0.22982960311476966, 0.14089113761094463, 0.09737318132817435], [0.9999981559893785, 0.9892275269030684, 0.920569312361053, 0.8349051415136206]]