_n_neurons = 500
_D = 15
_max_rate = 80
_stim_mag = 1.0
_neuron_noise = 0.01
_synapse_memory = 0.1
_averages = 50
_mean_mem_noise = 0.0
_dataset = 'pre_PHE'
_noise_readout = 0.1
_plot_type = 'all'
_misperceive = 0.0
_backend = 'nengo'
_dt = 0.001
_seed = 1
_hide_overlay = False
_gui = False
rmse = 0.067443688968004678
values = [[0.6259004306107234, 0.4102251125071293, 0.34181925214810394, 0.30349379392438464], [0.9999999998062784, 0.9999795425076243, 0.9996848075014286, 0.998797074064991]]