_n_neurons = 500
_D = 25
_max_rate = 80
_stim_mag = 1.0
_neuron_noise = 0.01
_synapse_memory = 0.14
_averages = 100
_mean_mem_noise = 0.0
_dataset = 'pre_PHE'
_noise_readout = 0.1
_plot_type = 'all'
_misperceive = 0.07
_backend = 'nengo'
_dt = 0.001
_seed = 0
_hide_overlay = False
_gui = False
rmse = 0.012746284871810176
values = [[0.581396754623756, 0.3181439465091738, 0.21270021605825573, 0.16338016417539883], [0.9739556691890995, 0.9515933522034896, 0.8623088942588596, 0.7911569448613106]]