_n_neurons = 500
_D = 32
_max_rate = 80
_stim_mag = 0.5
_neuron_noise = 0.01
_synapse_memory = 0.5
_averages = 50
_mean_mem_noise = 0.0
_dataset = 'pre_PHE'
_noise_readout = 0.1
_plot_type = 'all'
_misperceive = 0.15
_backend = 'nengo'
_dt = 0.001
_seed = 1
_hide_overlay = False
_gui = False
rmse = 0.028655738674279046
values = [[0.2894759816255035, 0.1900533545912177, 0.13786111773459453, 0.10058406105842821], [0.9981027562673489, 0.9713184314930917, 0.9159926657661738, 0.8427538757254547]]