_n_neurons = 500
_D = 8
_max_rate = 80
_stim_mag = 1
_neuron_noise = 0.01
_synapse_memory = 0.1
_backend = 'nengo'
_dt = 0.001
_seed = 17
_hide_overlay = False
_gui = False
choice_noise = 0.74163085538885243
rmse = 0.061763747730661331
sim_speed = 1.0985703497953476
values = [1.058889831640665, 0.917196463515158, 0.9484613177559701, 0.9642788403754086]