_n_neurons = 500
_D = 23
_max_rate = 80
_stim_mag = 1.0
_neuron_noise = 0.01
_synapse_memory = 0.15
_averages = 100
_mean_mem_noise = 0.0
_dataset = 'pre_PHE'
_noise_readout = 0.1
_plot_type = 'all'
_misperceive = 0.0
_backend = 'nengo'
_dt = 0.001
_seed = 0
_hide_overlay = False
_gui = False
rmse = 0.03148972119203694
values = [[0.6649122792812752, 0.38131375655192534, 0.2677594109038743, 0.1990229897242041], [0.9999566379854123, 0.9832117926609516, 0.931744524162174, 0.8410459299596098]]