_n_neurons = 50
_D = 8
_max_rate = 80
_stim_mag = 1
_neuron_noise = 0.01
_synapse_memory = 0.1
_backend = 'nengo'
_dt = 0.001
_seed = 25
_hide_overlay = False
_gui = False
choice_noise = 0.93357718497240705
rmse = 0.070578932263829441
sim_speed = 2.5425071589969512
values = [1.1449541353690869, 1.2399124107909631, 1.2888577132515995, 1.2609500792125103]