_n_neurons = 500
_D = 8
_max_rate = 80
_stim_mag = 1
_neuron_noise = 0.01
_synapse_memory = 0.1
_backend = 'nengo'
_dt = 0.001
_seed = 15
_hide_overlay = False
_gui = False
choice_noise = 0.27847180827322443
rmse = 0.26702972221706439
sim_speed = 0.9907446912153514
values = [0.6620159823590779, 0.3245563853369243, 0.01569603182882344, -0.043173729208670304]