_n_neurons = 500
_D = 32
_max_rate = 80
_stim_mag = 1.0
_neuron_noise = 0.01
_synapse_memory = 0.1
_averages = 100
_mean_mem_noise = 0.0
_dataset = 'pre_PHE'
_noise_readout = 0.1
_plot_type = 'all'
_misperceive = 0.0
_backend = 'nengo'
_dt = 0.001
_seed = 0
_hide_overlay = False
_gui = False
rmse = 0.092493737040892421
values = [[0.8855675774671962, 0.791188013115968, 0.763728254387925, 0.7504129951927362], [0.9999998835896692, 0.999999033016726, 0.9999949944311333, 0.9999810371260413]]