_n_neurons = 500
_D = 1
_max_rate = 80
_stim_mag = 1.0
_neuron_noise = 0.01
_synapse_memory = 0.1
_averages = 20
_mean_mem_noise = 0.0
_dataset = 'pre_PHE'
_noise_readout = 0.1
_plot_type = 'all'
_misperceive = 0.0
_backend = 'nengo'
_dt = 0.001
_seed = 1
_hide_overlay = False
_gui = False
rmse = 0.58771932184235987
values = [[0.926350281791289, 0.5907806027344222, 0.34286237710317813, 0.21526830691858576], [0.9999899376519259, 0.8180096433181263, 0.05804764207970341, 0.0022044722246658413]]