_n_neurons = 420
_D = 8
_max_rate = 80
_stim_mag = 1
_neuron_noise = 0.01
_synapse_memory = 0.1
_backend = 'nengo'
_dt = 0.001
_seed = 1
_hide_overlay = False
_gui = False
choice_noise = 0.099387144471175054
rmse = 0.042801272728077364
sim_speed = 3.186248854283614
values = [0.5587172725577749, 0.23168085645926634, 0.10724741667985062, 0.09771992663176203]