_n_neurons = 500
_D = 32
_max_rate = 80
_stim_mag = 0.5
_neuron_noise = 0.01
_synapse_memory = 0.1
_averages = 50
_mean_mem_noise = 0.0
_dataset = 'pre_PHE'
_noise_readout = 0.1
_plot_type = 'all'
_misperceive = 0.0
_backend = 'nengo'
_dt = 0.001
_seed = 1
_hide_overlay = False
_gui = False
rmse = 0.72056955044772786
values = [[0.2993720437067836, 0.14089946902057304, 0.08620164770850682, 0.053118117790818126], [0.9986220082879309, 0.9205816308943471, 0.8056607746233487, 0.7023533826195751]]