_n_neurons = 500
_D = 32
_max_rate = 80
_stim_mag = 1.0
_neuron_noise = 0.01
_synapse_memory = 0.1
_averages = 100
_mean_mem_noise = 0.0
_dataset = 'pre_PHE'
_noise_readout = 0.1
_plot_type = 'all'
_misperceive = 0.0
_backend = 'nengo'
_dt = 0.001
_seed = 0
_hide_overlay = False
_gui = False
rmse = 0.11551530286606476
values = [[0.3254054115063618, 0.14420411369473418, 0.09848935012743619, 0.06584742525969661], [0.97878822910098, 0.8017964474708531, 0.7286763547461464, 0.6586777572177615]]