_n_neurons = 100
_D = 8
_max_rate = 80
_stim_mag = 1
_neuron_noise = 0.01
_synapse_memory = 0.1
_backend = 'nengo'
_dt = 0.001
_seed = 7
_hide_overlay = False
_gui = False
choice_noise = 0.41099790976401507
rmse = 0.061823595391738435
sim_speed = 1.3901374418751185
values = [0.5651225457248906, 0.5562394536752574, 0.4958185137561677, 0.5379037277836936]