_n_neurons = 50
_D = 8
_max_rate = 80
_stim_mag = 1
_neuron_noise = 0.01
_synapse_memory = 0.1
_backend = 'nengo'
_dt = 0.001
_seed = 17
_hide_overlay = False
_gui = False
choice_noise = 0.00030217403264685624
rmse = 0.11467344941179712
sim_speed = 2.867607364535769
values = [0.4932207850378415, 0.004835960458222841, 0.045372228397240665, 0.009058245175548464]