_n_neurons = 50
_D = 8
_max_rate = 80
_stim_mag = 1
_neuron_noise = 0.01
_synapse_memory = 0.1
_backend = 'nengo'
_dt = 0.001
_seed = 28
_hide_overlay = False
_gui = False
choice_noise = 0.95873142247656551
rmse = 0.066497207868317462
sim_speed = 2.873847643670548
values = [1.3660096581810655, 1.2292789731520664, 1.1494850687895, 1.3159473638850037]