_n_neurons = 100
_D = 8
_max_rate = 80
_stim_mag = 1
_neuron_noise = 0.01
_synapse_memory = 0.1
_backend = 'nengo'
_dt = 0.001
_seed = 5
_hide_overlay = False
_gui = False
choice_noise = 0.28216151878826357
rmse = 0.049933105315176772
sim_speed = 1.5071766569606564
values = [0.3829869573164306, 0.37306533397554736, 0.3961645389002266, 0.32340160491776654]