_n_neurons = 500
_D = 32
_max_rate = 80
_stim_mag = 0.3
_neuron_noise = 0.01
_synapse_memory = 0.3
_averages = 10
_mean_mem_noise = 0.0
_dataset = 'pre_PHE'
_noise_readout = 0.1
_plot_type = 'all'
_misperceive = 0.0
_backend = 'nengo'
_dt = 0.001
_seed = 1
_hide_overlay = False
_gui = False
rmse = 0.043942983545597218
values = [[0.2809918935252708, 0.17693123177289385, 0.10988351674777914, 0.06163419732622496], [0.9975223010146556, 0.9615791155200667, 0.8640800151665791, 0.7311655789504972]]