_n_neurons = 500
_D = 32
_max_rate = 80
_stim_mag = 0.5
_neuron_noise = 0.01
_synapse_memory = 0.5
_averages = 50
_mean_mem_noise = 0.0
_dataset = 'pre_PHE'
_noise_readout = 0.1
_plot_type = 'all'
_misperceive = 0.05
_backend = 'nengo'
_dt = 0.001
_seed = 1
_hide_overlay = False
_gui = False
rmse = 0.061032305685340078
values = [[0.35416663154098815, 0.23726895463680023, 0.17026185015829715, 0.12801609745263678], [0.9998011959441754, 0.9911704501100648, 0.9556802573069569, 0.8997557360861538]]