_n_neurons = 500
_D = 8
_max_rate = 80
_stim_mag = 1
_neuron_noise = 0.01
_synapse_memory = 0.1
_backend = 'nengo'
_dt = 0.001
_seed = 27
_hide_overlay = False
_gui = False
choice_noise = 0.53150472100889012
rmse = 0.028856574648450727
sim_speed = 1.039411966650913
values = [0.818781868641471, 0.765720163888638, 0.6853881400005384, 0.539728207898349]