_n_neurons = 500
_D = 32
_max_rate = 80
_stim_mag = 0.5
_neuron_noise = 0.01
_synapse_memory = 0.7
_averages = 50
_mean_mem_noise = 0.0
_dataset = 'pre_PHE'
_noise_readout = 0.1
_plot_type = 'all'
_misperceive = 0.0
_backend = 'nengo'
_dt = 0.001
_seed = 1
_hide_overlay = False
_gui = False
rmse = 0.079775259489618083
values = [[0.34744696303717953, 0.24627165870916523, 0.191975826114697, 0.15211694470610876], [0.9997440678487377, 0.9931055568482876, 0.9725557793579475, 0.9358913397517228]]