_n_neurons = 20
_D = 8
_max_rate = 80
_stim_mag = 1
_neuron_noise = 0.01
_synapse_memory = 0.1
_backend = 'nengo'
_dt = 0.001
_seed = 18
_hide_overlay = False
_gui = False
choice_noise = 0.20099275830397575
rmse = 0.061532884378439991
sim_speed = 3.4397385018676356
values = [0.3113650788215131, 0.25929386373424845, 0.22810756785678143, 0.2647526491644181]