_n_neurons = 100
_D = 8
_max_rate = 80
_stim_mag = 1
_neuron_noise = 0.01
_synapse_memory = 0.1
_backend = 'nengo'
_dt = 0.001
_seed = 28
_hide_overlay = False
_gui = False
choice_noise = 0.35573758334987327
rmse = 0.055890802750815274
sim_speed = 1.050972275174747
values = [0.504904145951812, 0.4231245076409493, 0.5326834940139394, 0.4181372125275372]