_n_neurons = 500
_D = 32
_max_rate = 80
_stim_mag = 0.5
_neuron_noise = 0.01
_synapse_memory = 0.25
_averages = 50
_mean_mem_noise = 0.0
_dataset = 'pre_PHE'
_noise_readout = 0.1
_plot_type = 'all'
_misperceive = 0.1
_backend = 'nengo'
_dt = 0.001
_seed = 1
_hide_overlay = False
_gui = False
rmse = 0.033656212692258707
values = [[0.41134544096866726, 0.21348607432053998, 0.15414548811084516, 0.09943834073699673], [0.9999805108975939, 0.9836138066058604, 0.9383969420589485, 0.8399818784827325]]