_n_neurons = 500
_D = 32
_max_rate = 80
_stim_mag = 0.5
_neuron_noise = 0.01
_synapse_memory = 0.5
_averages = 50
_mean_mem_noise = 0.0
_dataset = 'pre_PHE'
_noise_readout = 0.1
_plot_type = 'all'
_misperceive = 0.25
_backend = 'nengo'
_dt = 0.001
_seed = 1
_hide_overlay = False
_gui = False
rmse = 0.019110589455175797
values = [[0.25620565436088777, 0.16224670179595332, 0.11897750136152417, 0.0856197746628891], [0.9947972811886201, 0.9476483052078357, 0.8829325836213167, 0.8040557956019394]]