_n_neurons = 500
_D = 32
_max_rate = 80
_stim_mag = 0.3
_neuron_noise = 0.01
_synapse_memory = 0.7
_averages = 50
_mean_mem_noise = -0.003
_dataset = 'post_PHE'
_noise_readout = 0.1
_plot_type = 'all'
_backend = 'nengo'
_dt = 0.001
_seed = 1
_hide_overlay = False
_gui = False
rmse = 0.061199823894199194
values = [0.9700310832000362, 0.897789325415121, 0.8272954549084895, 0.7798974525506361]