_n_neurons = 500
_D = 32
_max_rate = 80
_stim_mag = 0.4
_neuron_noise = 0.01
_synapse_memory = 0.5
_averages = 50
_mean_mem_noise = 0.0
_dataset = 'pre_PHE'
_noise_readout = 0.1
_plot_type = 'all'
_misperceive = 0.0
_backend = 'nengo'
_dt = 0.001
_seed = 1
_hide_overlay = False
_gui = False
rmse = 0.050839170625749948
values = [[0.32914455521433034, 0.21927529875063873, 0.15950002086273127, 0.11855397421200911], [0.9995016304529617, 0.9858374096046703, 0.944643905434166, 0.8820979444823583]]