_n_neurons = 500
_D = 32
_max_rate = 80
_stim_mag = 0.3
_neuron_noise = 0.01
_synapse_memory = 0.7
_averages = 50
_mean_mem_noise = 0.0
_dataset = 'pre_GFC'
_noise_readout = 0.1
_plot_type = 'choice'
_backend = 'nengo'
_dt = 0.001
_seed = 1
_hide_overlay = False
_gui = False
rmse = 0.036225761961868136
values = [0.9816093612740843, 0.9309684738796239, 0.8753124943872459, 0.8363422259373015]