_n_neurons = 500
_D = 30
_max_rate = 80
_stim_mag = 0.7
_neuron_noise = 0.01
_synapse_memory = 0.15
_averages = 50
_mean_mem_noise = 0.0
_dataset = 'pre_PHE'
_noise_readout = 0.1
_plot_type = 'all'
_misperceive = 0.0
_backend = 'nengo'
_dt = 0.001
_seed = 1
_hide_overlay = False
_gui = False
rmse = 0.041854263649420319
values = [[0.48523631855396365, 0.2349605750553798, 0.14489873242462933, 0.10910550134460996], [0.9999993900052826, 0.9906033475890731, 0.926329438743673, 0.8623756618892418]]