_n_neurons = 1000
_D = 8
_max_rate = 80
_stim_mag = 1
_neuron_noise = 0.01
_synapse_memory = 0.1
_backend = 'nengo'
_dt = 0.001
_seed = 17
_hide_overlay = False
_gui = False
choice_noise = 0.37384343527275432
rmse = 0.021105679418804157
sim_speed = 0.9325051652634814
values = [0.7522335432449171, 0.5588167903516659, 0.44311245830494944, 0.3562655894558076]