_n_neurons = 500
_D = 8
_max_rate = 80
_stim_mag = 1
_neuron_noise = 0.01
_synapse_memory = 0.1
_backend = 'nengo'
_dt = 0.001
_seed = 16
_hide_overlay = False
_gui = False
choice_noise = 0.31419124395223547
rmse = 0.041447850050640216
sim_speed = 0.8592649826572896
values = [0.6200732593142946, 0.416712787287814, 0.35576723268432947, 0.3472832665259979]