_n_neurons = 500
_D = 64
_max_rate = 80
_stim_mag = 1.0
_neuron_noise = 0.01
_synapse_memory = 0.1
_averages = 100
_mean_mem_noise = 0.0
_dataset = 'pre_PHE'
_noise_readout = 0.1
_plot_type = 'all'
_misperceive = 0.0
_backend = 'nengo'
_dt = 0.001
_seed = 0
_hide_overlay = False
_gui = False
rmse = 0.084889614633748056
values = [[0.38603755074211, 0.35253537499685755, 0.32586145345515954, 0.3300999396452674], [0.9972658485634343, 0.9949115060994083, 0.9895809314085349, 0.9878001724636148]]