_n_neurons = 500
_D = 32
_max_rate = 80
_stim_mag = 0.5
_neuron_noise = 0.01
_synapse_memory = 0.25
_averages = 50
_mean_mem_noise = 0.0
_dataset = 'pre_PHE'
_noise_readout = 0.1
_plot_type = 'all'
_misperceive = 0.15
_backend = 'nengo'
_dt = 0.001
_seed = 1
_hide_overlay = False
_gui = False
rmse = 0.017196432607154012
values = [[0.3469111046694269, 0.17815036964071995, 0.1320817988086816, 0.08758679689108709], [0.9997389082150108, 0.9625848992160855, 0.9067189698083353, 0.8094490927520315]]