_n_neurons = 100
_D = 32
_max_rate = 80
_stim_mag = 1.0
_neuron_noise = 0.01
_synapse_memory = 0.1
_averages = 100
_mean_mem_noise = 0.0
_dataset = 'pre_PHE'
_noise_readout = 0.1
_plot_type = 'all'
_misperceive = 0.0
_backend = 'nengo'
_dt = 0.001
_seed = 0
_hide_overlay = False
_gui = False
rmse = 0.015028932190150862
values = [[0.2567088729667524, 0.24734793622153334, 0.22840794062103978, 0.23941495585013048], [0.9259703337987579, 0.9239302266402312, 0.9141950960762375, 0.9260200722453769]]