_n_neurons = 1000
_D = 32
_max_rate = 80
_stim_mag = 0.3
_neuron_noise = 0.01
_synapse_memory = 0.15
_averages = 10
_mean_mem_noise = 0.0
_dataset = 'pre_PHE'
_noise_readout = 0.1
_plot_type = 'all'
_misperceive = 0.0
_backend = 'nengo'
_dt = 0.001
_seed = 1
_hide_overlay = False
_gui = False
rmse = 0.052146685279700365
values = [[0.42748858286321817, 0.23793982609407674, 0.1608940719122447, 0.11841785215625085], [0.9999904382366657, 0.9913295354051141, 0.946185347664897, 0.8818287987572679]]