_n_neurons = 100
_D = 8
_max_rate = 80
_stim_mag = 1
_neuron_noise = 0.01
_synapse_memory = 0.1
_backend = 'nengo'
_dt = 0.001
_seed = 26
_hide_overlay = False
_gui = False
choice_noise = 3215796.1516390424
rmse = 0.41006097893231613
sim_speed = 1.3042176147690332
values = [0.18309096943447362, 0.018173132123802963, -0.22177410844045253, -0.35663979733605555]