_n_neurons = 500
_D = 32
_max_rate = 80
_stim_mag = 0.5
_neuron_noise = 0.01
_synapse_memory = 0.5
_averages = 50
_mean_mem_noise = 0.0
_dataset = 'pre_PHE'
_noise_readout = 0.1
_plot_type = 'all'
_misperceive = 0.0
_backend = 'nengo'
_dt = 0.001
_seed = 1
_hide_overlay = False
_gui = False
rmse = 0.11374383024815445
values = [[0.6428523458743762, 0.5022780374968898, 0.4020590193139323, 0.32788331531945397], [0.9999999999355753, 0.9999997453561436, 0.9999709737412659, 0.9994788137754729]]