_n_neurons = 500
_D = 32
_max_rate = 80
_stim_mag = 0.3
_neuron_noise = 0.01
_synapse_memory = 0.7
_averages = 50
_mean_mem_noise = -0.005
_dataset = 'post_PHE'
_noise_readout = 0.1
_plot_type = 'all'
_backend = 'nengo'
_dt = 0.001
_seed = 1
_hide_overlay = False
_gui = False
rmse = 0.073952739091702663
values = [0.9372379712417384, 0.8407067767702507, 0.7489729798165393, 0.7059044340993476]