_n_neurons = 20
_D = 8
_max_rate = 80
_stim_mag = 1
_neuron_noise = 0.01
_synapse_memory = 0.1
_backend = 'nengo'
_dt = 0.001
_seed = 14
_hide_overlay = False
_gui = False
choice_noise = 0.1813543077233547
rmse = 0.053167125380912034
sim_speed = 3.5109306137823753
values = [0.2750296560556178, 0.2542133094529951, 0.20357932384062236, 0.22199395241875794]