_n_neurons = 500
_D = 32
_max_rate = 80
_stim_mag = 1
_neuron_noise = 0.01
_synapse_memory = 0.15
_backend = 'nengo'
_dt = 0.001
_seed = 1
_hide_overlay = False
_gui = False
choice_noise = 0.1
rmse = 0.020077773653407491
sim_speed = 2.6175061064475185