_n_neurons = 500
_D = 32
_max_rate = 80
_stim_mag = 0.5
_neuron_noise = 0.01
_synapse_memory = 0.5
_averages = 50
_mean_mem_noise = 0.0
_dataset = 'pre_PHE'
_noise_readout = 0.1
_plot_type = 'all'
_misperceive = 0.2
_backend = 'nengo'
_dt = 0.001
_seed = 1
_hide_overlay = False
_gui = False
rmse = 0.094586228498309471
values = [[0.1527268839605223, 0.10235064789429153, 0.0767458316484026, 0.05757041769604141], [0.9366529127141122, 0.8469657809237681, 0.7785954663105177, 0.7175924242122503]]