_n_neurons = 500
_D = 21
_max_rate = 80
_stim_mag = 1.0
_neuron_noise = 0.01
_synapse_memory = 0.13
_averages = 100
_mean_mem_noise = 0.001
_dataset = 'pre_PHE'
_noise_readout = 0.1
_plot_type = 'all'
_misperceive = 0.07
_backend = 'nengo'
_dt = 0.001
_seed = 0
_hide_overlay = False
_gui = False
rmse = 0.012732002333095238
values = [[0.6097846706120454, 0.359149037965901, 0.2571509787030808, 0.20907114990502046], [0.9727083953733373, 0.9509902303874516, 0.8516961562264669, 0.8036772086803633]]