_n_neurons = 500
_D = 30
_max_rate = 80
_stim_mag = 0.6
_neuron_noise = 0.01
_synapse_memory = 0.15
_averages = 10
_mean_mem_noise = 0.0
_dataset = 'pre_PHE'
_noise_readout = 0.1
_plot_type = 'all'
_misperceive = 0.05
_backend = 'nengo'
_dt = 0.001
_seed = 0
_hide_overlay = False
_gui = False
rmse = 0.080081816952691121
values = [[0.48617536048955773, 0.22217924617733642, 0.1624919974553255, 0.1372412543964216], [0.9256037108102332, 0.8538050541788381, 0.7710865930206442, 0.75917737417952]]