_n_neurons = 500
_D = 20
_max_rate = 80
_stim_mag = 0.9
_neuron_noise = 0.01
_synapse_memory = 0.15
_averages = 50
_mean_mem_noise = 0.0
_dataset = 'pre_PHE'
_noise_readout = 0.1
_plot_type = 'all'
_misperceive = 0.0
_backend = 'nengo'
_dt = 0.001
_seed = 0
_hide_overlay = False
_gui = False
rmse = 0.049272993750463651
values = [[0.7355096235985727, 0.45444977337777254, 0.3349841640307911, 0.26890943259869476], [0.9999894855248198, 0.9842557970828644, 0.9496382642078562, 0.8932084281863142]]