_n_neurons = 500
_D = 64
_max_rate = 80
_stim_mag = 1.4
_neuron_noise = 0.01
_synapse_memory = 1.6
_averages = 10
_mean_mem_noise = -0.01
_dataset = 'pre_PHE'
_noise_readout = 0.1
_plot_type = 'memory'
_backend = 'nengo'
_dt = 0.001
_seed = 1
_hide_overlay = False
_gui = False
rmse = 0.14477891662031228
values = [0.11126513518603413, 0.07487103106641255, 0.06579329566739858, 0.046409160307982124]