_n_neurons = 500
_D = 20
_max_rate = 80
_stim_mag = 1.0
_neuron_noise = 0.01
_synapse_memory = 0.15
_averages = 50
_mean_mem_noise = 0.0
_dataset = 'pre_PHE'
_noise_readout = 0.1
_plot_type = 'all'
_misperceive = 0.1
_backend = 'nengo'
_dt = 0.001
_seed = 0
_hide_overlay = False
_gui = False
rmse = 0.051687809575118759
values = [[0.6692102876234004, 0.4358845213388179, 0.3434763348267722, 0.29073394510196715], [0.9841619185046039, 0.9763821940028703, 0.9531855424769966, 0.9230215833160043]]