_n_neurons = 100
_D = 8
_max_rate = 80
_stim_mag = 1
_neuron_noise = 0.01
_synapse_memory = 0.1
_backend = 'nengo'
_dt = 0.001
_seed = 1
_hide_overlay = False
_gui = False
choice_noise = 4.9730194426446488
rmse = 0.40990068985129008
sim_speed = 3.8131164892051856
values = [0.23165251506915394, -0.05797912166871, -0.11208738548689852, -0.10295379934402378]