_n_neurons = 500
_D = 21
_max_rate = 80
_stim_mag = 1.0
_neuron_noise = 0.01
_synapse_memory = 0.14
_averages = 100
_mean_mem_noise = 0.002
_dataset = 'pre_PHE'
_noise_readout = 0.1
_plot_type = 'all'
_misperceive = 0.07
_backend = 'nengo'
_dt = 0.001
_seed = 0
_hide_overlay = False
_gui = False
rmse = 0.015104407068735948
values = [[0.647498088317934, 0.3785098745217185, 0.2626600838465758, 0.19923519191587574], [0.9582848737420392, 0.9419908111115666, 0.8741858998063482, 0.7951207870651023]]