_n_neurons = 100
_D = 8
_max_rate = 80
_stim_mag = 1
_neuron_noise = 0.01
_synapse_memory = 0.1
_backend = 'nengo'
_dt = 0.001
_seed = 6
_hide_overlay = False
_gui = False
choice_noise = 0.18932392154408273
rmse = 0.06342082921677894
sim_speed = 1.3195844459725337
values = [0.34271234967473496, 0.19385702336535107, 0.2758584357973113, 0.22666315012585253]