_n_neurons = 500
_D = 32
_max_rate = 80
_stim_mag = 1
_neuron_noise = 0.01
_synapse_memory = 0.1
_averages = 10
_mean_mem_noise = -0.002
_backend = 'nengo'
_dt = 0.001
_seed = 1
_hide_overlay = False
_gui = False
choice_noise = 0.1
rmse = 0.050492677972115999
sim_speed = 2.6934168903228892