_n_neurons = 500
_D = 25
_max_rate = 80
_stim_mag = 1.0
_neuron_noise = 0.01
_synapse_memory = 0.1
_averages = 50
_mean_mem_noise = 0.0
_dataset = 'pre_PHE'
_noise_readout = 0.1
_plot_type = 'all'
_misperceive = 0.0
_backend = 'nengo'
_dt = 0.001
_seed = 1
_hide_overlay = False
_gui = False
rmse = 0.062553261073378358
values = [[0.4347402250834193, 0.23214682631245975, 0.1725212691181808, 0.12988979639830567], [0.9999931120283699, 0.9898692074811062, 0.9577554253134077, 0.9030105257466218]]