_n_neurons = 100
_D = 8
_max_rate = 80
_stim_mag = 1
_neuron_noise = 0.01
_synapse_memory = 0.1
_backend = 'nengo'
_dt = 0.001
_seed = 21
_hide_overlay = False
_gui = False
choice_noise = 0.28906227383343264
rmse = 0.059591925508468063
sim_speed = 1.4581137301899443
values = [0.45550681796333814, 0.3343100534212384, 0.37332326158742796, 0.36479147877412543]