_n_neurons = 500
_D = 32
_max_rate = 80
_stim_mag = 0.5
_neuron_noise = 0.01
_synapse_memory = 0.15
_averages = 50
_mean_mem_noise = 0.0
_dataset = 'pre_PHE'
_noise_readout = 0.1
_plot_type = 'all'
_misperceive = 0.0
_backend = 'nengo'
_dt = 0.001
_seed = 1
_hide_overlay = False
_gui = False
rmse = 0.026327233874642482
values = [[0.39146800486889044, 0.1913504627647085, 0.11562292995403556, 0.08418946736155808], [0.9999547379167721, 0.9721582591739468, 0.8762063108351852, 0.8000765439905226]]