_n_neurons = 500
_D = 8
_max_rate = 80
_stim_mag = 1
_neuron_noise = 0.01
_synapse_memory = 0.1
_backend = 'nengo'
_dt = 0.001
_seed = 28
_hide_overlay = False
_gui = False
choice_noise = 0.53181285673620271
rmse = 0.058096174206933048
sim_speed = 1.0454060385006996
values = [0.7464302911139544, 0.6874778841948661, 0.6726232627473192, 0.6718248408114947]