_n_neurons = 1000
_D = 32
_max_rate = 80
_stim_mag = 0.5
_neuron_noise = 0.01
_synapse_memory = 0.15
_averages = 10
_mean_mem_noise = 0.0
_dataset = 'pre_PHE'
_noise_readout = 0.1
_plot_type = 'all'
_misperceive = 0.0
_backend = 'nengo'
_dt = 0.001
_seed = 1
_hide_overlay = False
_gui = False
rmse = 0.061034380078907491
values = [[0.5174903694469066, 0.25020817277858776, 0.17599560599858588, 0.1260098986202707], [0.9999998859857159, 0.9938267290120548, 0.9607923714939619, 0.8961831720218276]]