_n_neurons = 500
_D = 64
_max_rate = 80
_stim_mag = 1.2
_neuron_noise = 0.01
_synapse_memory = 1.5
_averages = 50
_mean_mem_noise = 0.006
_dataset = 'post_GFC'
_noise_readout = 0.1
_plot_type = 'memory'
_backend = 'nengo'
_dt = 0.001
_seed = 1
_hide_overlay = False
_gui = False
rmse = 0.21302057120814671
values = [0.13217209230223492, 0.07112354182643672, 0.040370301505584925, 0.010301592700095119]