_n_neurons = 500
_D = 30
_max_rate = 80
_stim_mag = 1.0
_neuron_noise = 0.01
_synapse_memory = 0.1
_averages = 50
_mean_mem_noise = 0.0
_dataset = 'pre_PHE'
_noise_readout = 0.1
_plot_type = 'all'
_misperceive = 0.0
_backend = 'nengo'
_dt = 0.001
_seed = 1
_hide_overlay = False
_gui = False
rmse = 0.067474915663596896
values = [[0.3731242842947853, 0.1486141442613863, 0.0926737451678615, 0.05321664295560842], [0.9999047312787251, 0.9313791437822105, 0.8229685663208419, 0.7026946342108762]]