_n_neurons = 500
_D = 32
_max_rate = 80
_stim_mag = 1
_neuron_noise = 0.012
_synapse_memory = 0.12
_backend = 'nengo'
_dt = 0.001
_seed = 1
_hide_overlay = False
_gui = False
choice_noise = 0.039082276022050041
rmse = 0.039706957899373944
sim_speed = 2.6338321804088234