_n_neurons = 50
_D = 8
_max_rate = 80
_stim_mag = 1
_neuron_noise = 0.01
_synapse_memory = 0.1
_backend = 'nengo'
_dt = 0.001
_seed = 18
_hide_overlay = False
_gui = False
choice_noise = 0.25310484187523341
rmse = 0.058938234509122181
sim_speed = 3.1471030217619247
values = [0.3773878819585476, 0.30052977134986397, 0.33346930673894776, 0.3180306005673271]