_n_neurons = 500
_D = 32
_max_rate = 80
_stim_mag = 0.3
_neuron_noise = 0.01
_synapse_memory = 0.7
_averages = 50
_mean_mem_noise = 0.0
_dataset = 'pre_PHE'
_noise_readout = 0.1
_plot_type = 'all'
_misperceive = 0.0
_backend = 'nengo'
_dt = 0.001
_seed = 1
_hide_overlay = False
_gui = False
rmse = 0.028459726030755347
values = [[0.20881835850399547, 0.14830427528790957, 0.11518687503700743, 0.09795353151906044], [0.9816093612740843, 0.9309684738796239, 0.8753124943872459, 0.8363422259373015]]