_n_neurons = 100
_D = 8
_max_rate = 80
_stim_mag = 1
_neuron_noise = 0.01
_synapse_memory = 0.1
_backend = 'nengo'
_dt = 0.001
_seed = 20
_hide_overlay = False
_gui = False
choice_noise = 0.0037298069676688916
rmse = 0.11467344941179712
sim_speed = 1.2835028322160817
values = [0.7982929435106692, 0.5674658427642514, 0.48573921113251595, 0.4361507023343297]