_n_neurons = 1000
_D = 8
_max_rate = 80
_stim_mag = 1
_neuron_noise = 0.01
_synapse_memory = 0.1
_backend = 'nengo'
_dt = 0.001
_seed = 27
_hide_overlay = False
_gui = False
choice_noise = 0.37292415980721755
rmse = 0.018408709081281713
sim_speed = 0.8806175101410293
values = [0.6648878295132391, 0.5275385567907998, 0.4786160585945675, 0.3549126494554482]