_n_neurons = 50
_D = 8
_max_rate = 80
_stim_mag = 1
_neuron_noise = 0.01
_synapse_memory = 0.1
_backend = 'nengo'
_dt = 0.001
_seed = 19
_hide_overlay = False
_gui = False
choice_noise = 0.072186293607214402
rmse = 0.035337923927060332
sim_speed = 2.5629029408717474
values = [0.42385174400298803, 0.09533968064260014, 0.13044962716350342, 0.06035862205255687]