_n_neurons = 500
_D = 8
_max_rate = 80
_stim_mag = 1
_neuron_noise = 0.01
_synapse_memory = 0.1
_backend = 'nengo'
_dt = 0.001
_seed = 5
_hide_overlay = False
_gui = False
choice_noise = 0.34661437303698245
rmse = 0.023284569529801843
sim_speed = 1.1439796095095618
values = [0.6209656298998192, 0.4912978038288093, 0.4266036446734969, 0.34151551930759066]