_n_neurons = 500
_D = 30
_max_rate = 80
_stim_mag = 0.6
_neuron_noise = 0.01
_synapse_memory = 0.15
_averages = 10
_mean_mem_noise = 0.0
_dataset = 'pre_PHE'
_noise_readout = 0.1
_plot_type = 'all'
_misperceive = 0.05
_backend = 'nengo'
_dt = 0.001
_seed = 0
_hide_overlay = False
_gui = False
rmse = 0.095333331218932865
values = [[0.4552361969490046, 0.21875012495173438, 0.17105285271128484, 0.13134305730264345], [0.9104366095270082, 0.8435232576751082, 0.7962832858528944, 0.6984235220692577]]