_n_neurons = 500
_D = 64
_max_rate = 80
_stim_mag = 1.2
_neuron_noise = 0.01
_synapse_memory = 1.5
_averages = 50
_mean_mem_noise = 0.0006
_dataset = 'post_GFC'
_noise_readout = 0.1
_plot_type = 'choice'
_backend = 'nengo'
_dt = 0.001
_seed = 1
_hide_overlay = False
_gui = False
rmse = 0.07848471400478256
values = [0.9702828109798478, 0.8946620896563044, 0.8142215768755323, 0.7151734408099664]