_n_neurons = 500
_D = 32
_max_rate = 80
_stim_mag = 0.5
_neuron_noise = 0.01
_synapse_memory = 0.6
_averages = 50
_mean_mem_noise = 0.0
_dataset = 'pre_PHE'
_noise_readout = 0.1
_plot_type = 'all'
_misperceive = 0.0
_backend = 'nengo'
_dt = 0.001
_seed = 1
_hide_overlay = False
_gui = False
rmse = 0.078187402062300626
values = [[0.3751538813287077, 0.25564727674792254, 0.1900984605736567, 0.14919043094949636], [0.9999121237310246, 0.9947130326317215, 0.9713479854882839, 0.9321378836137453]]