_n_neurons = 500
_D = 64
_max_rate = 80
_stim_mag = 1.4
_neuron_noise = 0.01
_synapse_memory = 1.6
_averages = 5
_mean_mem_noise = 0.0
_dataset = 'pre_PHE'
_noise_readout = 0.1
_plot_type = 'memory'
_backend = 'nengo'
_dt = 0.001
_seed = 1
_hide_overlay = False
_gui = False
rmse = 0.016415875584791274
values = [0.21919807060270938, 0.1565453386325463, 0.11943719645733575, 0.08277603935692072]