_n_neurons = 1000
_D = 32
_max_rate = 80
_stim_mag = 1.0
_neuron_noise = 0.01
_synapse_memory = 0.1
_averages = 10
_mean_mem_noise = 0.0
_dataset = 'pre_PHE'
_noise_readout = 0.1
_plot_type = 'all'
_misperceive = 0.0
_backend = 'nengo'
_dt = 0.001
_seed = 1
_hide_overlay = False
_gui = False
rmse = 0.63035342492796165
values = [[0.4203667852594575, 0.21123355979077424, 0.11301435904469115, 0.09334683970486161], [0.9557784213885971, 0.3491322012931165, 0.085365864579662, 0.05861210801270566]]