_n_neurons = 50
_D = 8
_max_rate = 80
_stim_mag = 1
_neuron_noise = 0.01
_synapse_memory = 0.1
_backend = 'nengo'
_dt = 0.001
_seed = 5
_hide_overlay = False
_gui = False
choice_noise = 0.10793941193317355
rmse = 0.085029167868133304
sim_speed = 3.309182592257621
values = [0.13472518688120394, 0.1570027147579227, 0.13029302253640568, 0.17725836308437878]