_n_neurons = 500
_D = 32
_max_rate = 80
_stim_mag = 1
_neuron_noise = 0.01
_synapse_memory = 0.1
_backend = 'nengo'
_dt = 0.001
_seed = 1
_hide_overlay = False
_gui = False
choice_noise = 0.096382591287737102
rmse = 0.026752018669154564
sim_speed = 2.674669555387617