_n_neurons = 500
_D = 30
_max_rate = 80
_stim_mag = 0.6
_neuron_noise = 0.01
_synapse_memory = 0.15
_averages = 1
_mean_mem_noise = 0.0
_dataset = 'pre_PHE'
_noise_readout = 0.1
_plot_type = 'all'
_misperceive = 0.05
_backend = 'nengo'
_dt = 0.001
_seed = 0
_hide_overlay = False
_gui = False
rmse = 0.061112002493774992
values = [[0.4089271968126167, 0.18064893570741553, 0.21164523398415552, 0.14541222443568608], [0.9999783635379423, 0.9645790324508172, 0.9828468226972963, 0.9270437912890441]]