_n_neurons = 500
_D = 64
_max_rate = 80
_stim_mag = 1.4
_neuron_noise = 0.01
_synapse_memory = 1.6
_averages = 50
_mean_mem_noise = -0.0
_dataset = 'pre_PHE'
_noise_readout = 0.05
_plot_type = 'choice'
_backend = 'nengo'
_dt = 0.001
_seed = 1
_hide_overlay = False
_gui = False
rmse = 0.080652792306117438
values = [0.9999923710087135, 0.9986329891176168, 0.9864448801645632, 0.9290564870763688]