_n_neurons = 100
_D = 8
_max_rate = 80
_stim_mag = 1
_neuron_noise = 0.01
_synapse_memory = 0.1
_backend = 'nengo'
_dt = 0.001
_seed = 18
_hide_overlay = False
_gui = False
choice_noise = 0.70264769901003943
rmse = 0.064539615982903961
sim_speed = 1.299538374742545
values = [0.9524403313288567, 0.9378563595566155, 0.8609525445064649, 0.9395466824165325]