_n_neurons = 500
_D = 22
_max_rate = 80
_stim_mag = 1.0
_neuron_noise = 0.01
_synapse_memory = 0.14
_averages = 100
_mean_mem_noise = 0.0
_dataset = 'pre_PHE'
_noise_readout = 0.1
_plot_type = 'all'
_misperceive = 0.07
_backend = 'nengo'
_dt = 0.001
_seed = 0
_hide_overlay = False
_gui = False
rmse = 0.0005353596824169693
values = [[0.6385018429908994, 0.3639798373305775, 0.2546476637633094, 0.1978216222067419], [0.9685324555714384, 0.9539993414418343, 0.8915710112719374, 0.813755752985122]]