_n_neurons = 1000
_D = 32
_max_rate = 80
_stim_mag = 0.3
_neuron_noise = 0.01
_synapse_memory = 0.1
_averages = 10
_mean_mem_noise = 0.0
_dataset = 'pre_PHE'
_noise_readout = 0.1
_plot_type = 'all'
_misperceive = 0.0
_backend = 'nengo'
_dt = 0.001
_seed = 1
_hide_overlay = False
_gui = False
rmse = 0.036399427487885834
values = [[0.33842365071222247, 0.1856331104902603, 0.11636402091017431, 0.10418657552132748], [0.9996431175431635, 0.9682968109377555, 0.8777150753590022, 0.8512630385468092]]