_n_neurons = 500
_D = 21
_max_rate = 80
_stim_mag = 1.0
_neuron_noise = 0.01
_synapse_memory = 0.14
_averages = 100
_mean_mem_noise = 0.001
_dataset = 'pre_PHE'
_noise_readout = 0.1
_plot_type = 'all'
_misperceive = 0.07
_backend = 'nengo'
_dt = 0.001
_seed = 0
_hide_overlay = False
_gui = False
rmse = 0.050770594785543827
values = [[0.5708611165398476, 0.3017192445966416, 0.19897527039847548, 0.1515924510490189], [0.9671934567552282, 0.9190682209223975, 0.8045810885677744, 0.7360748546124246]]