_n_neurons = 500
_D = 21
_max_rate = 80
_stim_mag = 1.0
_neuron_noise = 0.012
_synapse_memory = 0.14
_averages = 100
_mean_mem_noise = 0.0
_dataset = 'post_PHE'
_noise_readout = 0.1
_plot_type = 'all'
_misperceive = 0.07
_backend = 'nengo'
_dt = 0.001
_seed = 0
_hide_overlay = False
_gui = False
rmse = 0.013698220292984037
values = [[0.5398478165230212, 0.2597101479510312, 0.16225143637281345, 0.10967180334489679], [0.968069087556052, 0.8997726518287337, 0.8076756185394969, 0.6926897609037812]]