_n_neurons = 500
_D = 28
_max_rate = 80
_stim_mag = 0.9
_neuron_noise = 0.01
_synapse_memory = 0.15
_averages = 50
_mean_mem_noise = 0.0
_dataset = 'pre_PHE'
_noise_readout = 0.1
_plot_type = 'all'
_misperceive = 0.0
_backend = 'nengo'
_dt = 0.001
_seed = 0
_hide_overlay = False
_gui = False
rmse = 0.023227096229609973
values = [[0.5393771413638269, 0.27240663485244854, 0.17125016138300037, 0.11712779930988881], [0.9999642629072909, 0.9617885398869066, 0.8286895262821808, 0.7466492860051818]]