_n_neurons = 500
_D = 30
_max_rate = 80
_stim_mag = 0.6
_neuron_noise = 0.01
_synapse_memory = 0.15
_averages = 50
_mean_mem_noise = 0.0
_dataset = 'pre_PHE'
_noise_readout = 0.1
_plot_type = 'all'
_misperceive = 0.0
_backend = 'nengo'
_dt = 0.001
_seed = 1
_hide_overlay = False
_gui = False
rmse = 0.023959761664180554
values = [[0.4563283858593307, 0.21001603067809832, 0.12610230943062717, 0.08329681226040916], [0.9999974820173854, 0.982142629119157, 0.896349736664716, 0.7975686461283358]]