_n_neurons = 500
_D = 32
_max_rate = 80
_stim_mag = 1
_neuron_noise = 0.01
_synapse_memory = 0.1
_backend = 'nengo'
_dt = 0.001
_seed = 1
_hide_overlay = True
_gui = False
choice_noise = 0.072037577680457959
rmse = 0.03987132039383634
sim_speed = 1.9722314206170204