_n_neurons = 500
_D = 21
_max_rate = 80
_stim_mag = 1.0
_neuron_noise = 0.01
_synapse_memory = 0.11
_averages = 100
_mean_mem_noise = 0.0
_dataset = 'pre_PHE'
_noise_readout = 0.1
_plot_type = 'all'
_misperceive = 0.07
_backend = 'nengo'
_dt = 0.001
_seed = 0
_hide_overlay = False
_gui = False
rmse = 0.012585535546546234
values = [[0.574507889888825, 0.33749077668356825, 0.23484350243286856, 0.19319311753243124], [0.9753175902032054, 0.9453332839399594, 0.8517333828577484, 0.8072736008129019]]