_n_neurons = 500
_D = 30
_max_rate = 80
_stim_mag = 0.6
_neuron_noise = 0.01
_synapse_memory = 0.15
_averages = 1
_mean_mem_noise = 0.0
_dataset = 'pre_PHE'
_noise_readout = 0.1
_plot_type = 'all'
_misperceive = 0.05
_backend = 'nengo'
_dt = 0.001
_seed = 1
_hide_overlay = False
_gui = False
rmse = 0.083731598271973337
values = [[0.47644218984332554, 0.26719126368569623, 0.18529615267498067, 0.16042109440370222], [0.9999990530207148, 0.9962289859473475, 0.9680560633620466, 0.9456662183992327]]