_n_neurons = 500
_D = 21
_max_rate = 80
_stim_mag = 1.0
_neuron_noise = 0.01
_synapse_memory = 0.1
_averages = 100
_mean_mem_noise = 0.0
_dataset = 'post_PHE'
_noise_readout = 0.1
_plot_type = 'all'
_misperceive = 0.07
_backend = 'nengo'
_dt = 0.001
_seed = 0
_hide_overlay = False
_gui = False
rmse = 0.024389259911333561
values = [[0.5218229812061905, 0.30002585824210964, 0.215340901745558, 0.19184350703420758], [0.9737843707787467, 0.9253618494737452, 0.829086894481932, 0.7923239249109103]]