_n_neurons = 1000
_D = 8
_max_rate = 80
_stim_mag = 1
_neuron_noise = 0.01
_synapse_memory = 0.1
_backend = 'nengo'
_dt = 0.001
_seed = 23
_hide_overlay = False
_gui = False
choice_noise = 0.11310209113632608
rmse = 0.23076115275311865
sim_speed = 0.8477647221631512
values = [0.7068946004757555, 0.37491839891225426, 0.0547846315311582, -0.028051314622248982]