_n_neurons = 200
_D = 32
_max_rate = 80
_stim_mag = 1
_neuron_noise = 0.01
_synapse_memory = 0.2
_backend = 'nengo'
_dt = 0.001
_seed = 1
_hide_overlay = True
_gui = False
choice_noise = 0.01714987351190542
rmse = 0.049630038921160524
sim_speed = 3.0115925223395448