_n_neurons = 500
_D = 21
_max_rate = 80
_stim_mag = 1.0
_neuron_noise = 0.01
_synapse_memory = 0.1
_averages = 100
_mean_mem_noise = 0.0
_dataset = 'pre_PHE'
_noise_readout = 0.1
_plot_type = 'all'
_misperceive = 0.07
_backend = 'nengo'
_dt = 0.001
_seed = 0
_hide_overlay = False
_gui = False
rmse = 0.043234402508676079
values = [[0.5352283222547652, 0.31977507188034693, 0.22354062539712974, 0.17761099726588658], [0.9647148289418516, 0.9123235459575244, 0.8273451220972963, 0.7526788929686234]]