_n_neurons = 500
_D = 21
_max_rate = 80
_stim_mag = 1.0
_neuron_noise = 0.01175
_synapse_memory = 0.14
_averages = 100
_mean_mem_noise = 0.0
_dataset = 'post_PHE'
_noise_readout = 0.1
_plot_type = 'all'
_misperceive = 0.07
_backend = 'nengo'
_dt = 0.001
_seed = 0
_hide_overlay = False
_gui = False
rmse = 0.024714823016240783
values = [[0.5821485351734214, 0.3228818107417633, 0.22835726588617017, 0.16926119080282945], [0.967982768184195, 0.93298328975011, 0.8557702478060902, 0.7651229863245678]]