_n_neurons = 500
_D = 32
_max_rate = 80
_stim_mag = 0.3
_neuron_noise = 0.01
_synapse_memory = 0.15
_averages = 10
_mean_mem_noise = 0.0
_dataset = 'pre_PHE'
_noise_readout = 0.1
_plot_type = 'all'
_misperceive = 0.0
_backend = 'nengo'
_dt = 0.001
_seed = 1
_hide_overlay = False
_gui = False
rmse = 0.087950070423253299
values = [[0.3176601997843152, 0.16589379263707157, 0.0770302455761592, 0.04871229554453141], [0.9992549431009485, 0.9514358493956327, 0.7794397500033501, 0.6869144001800569]]