_n_neurons = 500
_D = 2
_max_rate = 80
_stim_mag = 1.0
_neuron_noise = 0.01
_synapse_memory = 0.1
_averages = 20
_mean_mem_noise = 0.0
_dataset = 'pre_PHE'
_noise_readout = 0.1
_plot_type = 'all'
_misperceive = 0.0
_backend = 'nengo'
_dt = 0.001
_seed = 1
_hide_overlay = False
_gui = False
rmse = 0.60716808532417132
values = [[0.8798218018094758, 0.5404601161652005, 0.32916915594433804, 0.20498264867506716], [0.9999271299468052, 0.6571146477365689, 0.043789562986649204, 0.0015879775593660365]]