_n_neurons = 1000
_D = 8
_max_rate = 80
_stim_mag = 1
_neuron_noise = 0.01
_synapse_memory = 0.1
_backend = 'nengo'
_dt = 0.001
_seed = 18
_hide_overlay = False
_gui = False
choice_noise = 0.35176720291444041
rmse = 0.021819277202020756
sim_speed = 0.9742937095504551
values = [0.6873965769770193, 0.4947364780818473, 0.4325436534919903, 0.3403602962177832]