_n_neurons = 500
_D = 21
_max_rate = 80
_stim_mag = 1.0
_neuron_noise = 0.01
_synapse_memory = 0.14
_averages = 100
_mean_mem_noise = 0.005
_dataset = 'pre_PHE'
_noise_readout = 0.1
_plot_type = 'all'
_misperceive = 0.07
_backend = 'nengo'
_dt = 0.001
_seed = 0
_hide_overlay = False
_gui = False
rmse = 0.19740079982790898
values = [[0.4348519191221618, 0.15946031715835324, 0.08567465652457758, 0.04915039128386365], [0.9392204747850929, 0.7198354236739322, 0.616781234332082, 0.5645596678972571]]