_n_neurons = 500
_D = 20
_max_rate = 80
_stim_mag = 0.95
_neuron_noise = 0.01
_synapse_memory = 0.15
_averages = 50
_mean_mem_noise = 0.0
_dataset = 'pre_PHE'
_noise_readout = 0.1
_plot_type = 'all'
_misperceive = 0.0
_backend = 'nengo'
_dt = 0.001
_seed = 0
_hide_overlay = False
_gui = False
rmse = 0.037882524357746361
values = [[0.694324777300455, 0.42498845224907483, 0.3177497705506847, 0.2584979044633715], [0.9999998856217829, 0.992308927862281, 0.9167323706213771, 0.8724889133255445]]