_n_neurons = 500
_D = 21
_max_rate = 80
_stim_mag = 1.0
_neuron_noise = 0.011
_synapse_memory = 0.14
_averages = 100
_mean_mem_noise = 0.0
_dataset = 'post_PHE'
_noise_readout = 0.1
_plot_type = 'all'
_misperceive = 0.07
_backend = 'nengo'
_dt = 0.001
_seed = 0
_hide_overlay = False
_gui = False
rmse = 0.026953306260822346
values = [[0.5757819316884405, 0.3207188380981975, 0.21467696464930927, 0.1661475345150447], [0.9720795480252826, 0.9276627574232971, 0.8426093164367461, 0.7884616031579635]]