_n_neurons = 500
_D = 64
_max_rate = 80
_stim_mag = 1.4
_neuron_noise = 0.01
_synapse_memory = 1.6
_averages = 50
_mean_mem_noise = -0.006
_dataset = 'post_PHE'
_noise_readout = 0.1
_plot_type = 'choice'
_backend = 'nengo'
_dt = 0.001
_seed = 1
_hide_overlay = False
_gui = False
rmse = 0.044669619185109616
values = [0.9587558063043132, 0.8882619552653764, 0.8108749293506835, 0.7294602003028707]