_n_neurons = 100
_D = 8
_max_rate = 80
_stim_mag = 1
_neuron_noise = 0.01
_synapse_memory = 0.1
_backend = 'nengo'
_dt = 0.001
_seed = 1
_hide_overlay = False
_gui = False
choice_noise = 4.9730273780747494
rmse = 0.40990068985128614
sim_speed = 1.2476350244923087
values = array([ 0.23165252, -0.05797912, -0.11208739, -0.1029538 ])