_n_neurons = 500
_D = 32
_max_rate = 80
_stim_mag = 0.5
_neuron_noise = 0.01
_synapse_memory = 0.9
_averages = 50
_mean_mem_noise = 0.0
_dataset = 'pre_PHE'
_noise_readout = 0.1
_plot_type = 'all'
_misperceive = 0.0
_backend = 'nengo'
_dt = 0.001
_seed = 1
_hide_overlay = False
_gui = False
rmse = 0.077760041597323568
values = [[0.2946343586244567, 0.22768989408564597, 0.18600795386343066, 0.1511307325751105], [0.9983922249943616, 0.988603869420708, 0.9685628631973433, 0.9346449158192685]]