_n_neurons = 500
_D = 24
_max_rate = 80
_stim_mag = 1.0
_neuron_noise = 0.01
_synapse_memory = 0.15
_averages = 50
_mean_mem_noise = 0.0
_dataset = 'pre_PHE'
_noise_readout = 0.1
_plot_type = 'all'
_misperceive = 0.0
_backend = 'nengo'
_dt = 0.001
_seed = 0
_hide_overlay = False
_gui = False
rmse = 0.0046326222177262011
values = [[0.6418436215914711, 0.3252207560267635, 0.21453028288497536, 0.16105998763812907], [0.9999971789300797, 0.9759606015206619, 0.8714930925502793, 0.801079615869884]]