_n_neurons = 20
_D = 8
_max_rate = 80
_stim_mag = 1
_neuron_noise = 0.01
_synapse_memory = 0.1
_backend = 'nengo'
_dt = 0.001
_seed = 24
_hide_overlay = False
_gui = False
choice_noise = 0.014567621463713152
rmse = 0.28529260464398631
sim_speed = 3.401103544140639
values = [0.24794913896462326, 0.013328902943465785, -0.0027686295852117743, 0.0009777747012640183]