_n_neurons = 500
_D = 32
_max_rate = 80
_stim_mag = 1
_neuron_noise = 0.012
_synapse_memory = 0.1
_backend = 'nengo'
_dt = 0.001
_seed = 1
_hide_overlay = False
_gui = False
choice_noise = 0.1
rmse = 0.018930112937584214
sim_speed = 2.6416739086412204