_n_neurons = 500
_D = 21
_max_rate = 80
_stim_mag = 1.0
_neuron_noise = 0.01
_synapse_memory = 0.13
_averages = 100
_mean_mem_noise = 0.0
_dataset = 'pre_PHE'
_noise_readout = 0.1
_plot_type = 'all'
_misperceive = 0.07
_backend = 'nengo'
_dt = 0.001
_seed = 0
_hide_overlay = False
_gui = False
rmse = 0.0055498881224648744
values = [[0.617720592497223, 0.37305905535196443, 0.265263543010407, 0.21150679661061403], [0.9680815662583967, 0.9464101290576967, 0.8725910691472045, 0.8207176830468426]]