_n_neurons = 200
_D = 8
_max_rate = 80
_stim_mag = 1
_neuron_noise = 0.01
_synapse_memory = 0.1
_backend = 'nengo'
_dt = 0.001
_seed = 19
_hide_overlay = False
_gui = False
choice_noise = 0.23266213867189128
rmse = 0.059872485255649734
sim_speed = 1.346638928186496
values = [0.3731689300468239, 0.3303932399587993, 0.24152729677109197, 0.29733887196943387]