_n_neurons = 500
_D = 8
_max_rate = 80
_stim_mag = 1
_neuron_noise = 0.05
_synapse_memory = 0.1
_averages = 1
_backend = 'nengo'
_dt = 0.001
_seed = 1
_hide_overlay = False
_gui = False
choice_noise = 0.01935313648350365
rmse = 0.20106705779748255
sim_speed = 3.0324379868159803
values = [0.0810608177794617, 0.0021884714234853575, 0.035225872113878495, 0.01934981076003444]