_n_neurons = 500
_D = 30
_max_rate = 80
_stim_mag = 0.9
_neuron_noise = 0.01
_synapse_memory = 0.15
_averages = 50
_mean_mem_noise = 0.0
_dataset = 'pre_PHE'
_noise_readout = 0.1
_plot_type = 'all'
_misperceive = 0.0
_backend = 'nengo'
_dt = 0.001
_seed = 0
_hide_overlay = False
_gui = False
rmse = 0.036254376889617412
values = [[0.5115694742543583, 0.24822407047228595, 0.13123611120490247, 0.09553677636399507], [0.9998562659394975, 0.9374738705637068, 0.8048725712486672, 0.7427797846896589]]