_n_neurons = 50
_D = 8
_max_rate = 80
_stim_mag = 1
_neuron_noise = 0.01
_synapse_memory = 0.1
_backend = 'nengo'
_dt = 0.001
_seed = 20
_hide_overlay = False
_gui = False
choice_noise = 0.048760489224692866
rmse = 0.042232587020799572
sim_speed = 2.53387151210137
values = [0.7751972171813052, 0.47425630244704214, 0.08071915106948327, 0.0359030836530496]