_n_neurons = 500
_D = 70
_max_rate = 80
_stim_mag = 1.0
_neuron_noise = 0.01
_synapse_memory = 0.05
_averages = 100
_mean_mem_noise = 0.0
_dataset = 'pre_PHE'
_noise_readout = 0.1
_plot_type = 'all'
_misperceive = 0.0
_backend = 'nengo'
_dt = 0.001
_seed = 0
_hide_overlay = False
_gui = False
rmse = 0.01105089874628043
values = [[0.22326849131514362, 0.19908612678257614, 0.17857983070967676, 0.17353361091265046], [0.9543340312307536, 0.9289000886159015, 0.8974814500765648, 0.893488025061902]]