_n_neurons = 1000
_D = 32
_max_rate = 80
_stim_mag = 0.5
_neuron_noise = 0.01
_synapse_memory = 0.1
_averages = 10
_mean_mem_noise = 0.0
_dataset = 'pre_PHE'
_noise_readout = 0.1
_plot_type = 'all'
_misperceive = 0.0
_backend = 'nengo'
_dt = 0.001
_seed = 1
_hide_overlay = False
_gui = False
rmse = 0.64291715062306176
values = [[0.3956074461091558, 0.19582043831232693, 0.11733211286414957, 0.09057145697159746], [0.9273139816710612, 0.29397965560790895, 0.09230746655549671, 0.05543605973257078]]