_n_neurons = 500
_D = 21
_max_rate = 80
_stim_mag = 1.0
_neuron_noise = 0.01
_synapse_memory = 0.14
_averages = 100
_mean_mem_noise = 0.05
_dataset = 'pre_PHE'
_noise_readout = 0.1
_plot_type = 'all'
_misperceive = 0.07
_backend = 'nengo'
_dt = 0.001
_seed = 0
_hide_overlay = False
_gui = False
rmse = 0.06291742196420666
values = [[0.6535705218761798, 0.36360252008588767, 0.2561853438239337, 0.18958076125950563], [0.9597970662678518, 0.9007255606057725, 0.8033990233395509, 0.7144086619299982]]