_n_neurons = 500
_D = 32
_max_rate = 80
_stim_mag = 0.6
_neuron_noise = 0.01
_synapse_memory = 0.7
_averages = 50
_mean_mem_noise = 0.0
_dataset = 'pre_PHE'
_noise_readout = 0.1
_plot_type = 'all'
_misperceive = 0.3
_backend = 'nengo'
_dt = 0.001
_seed = 1
_hide_overlay = False
_gui = False
rmse = 0.092846724061036792
values = [0.9999760904368306, 0.9982295028275914, 0.9857318505774497, 0.9585771185161599]