_n_neurons = 50
_D = 8
_max_rate = 80
_stim_mag = 1
_neuron_noise = 0.01
_synapse_memory = 0.1
_backend = 'nengo'
_dt = 0.001
_seed = 29
_hide_overlay = False
_gui = False
choice_noise = 0.33128009259651825
rmse = 0.29910548063375297
sim_speed = 2.4985675613117713
values = [0.70452444292414, 0.20329252523179744, 0.07711545533376635, -0.137617972147698]