_n_neurons = 500
_D = 64
_max_rate = 80
_stim_mag = 1.4
_neuron_noise = 0.01
_synapse_memory = 1.6
_averages = 50
_mean_mem_noise = -0.003
_dataset = 'post_PHE'
_noise_readout = 0.1
_plot_type = 'choice'
_backend = 'nengo'
_dt = 0.001
_seed = 1
_hide_overlay = False
_gui = False
rmse = 0.086531085771149957
values = [0.9869226405080918, 0.9450433633371124, 0.8932707294197836, 0.8319434863170752]