_n_neurons = 20
_D = 8
_max_rate = 80
_stim_mag = 1
_neuron_noise = 0.01
_synapse_memory = 0.1
_backend = 'nengo'
_dt = 0.001
_seed = 4
_hide_overlay = False
_gui = False
choice_noise = 0.99786803358007781
rmse = 0.061345194723237101
sim_speed = 3.5187120653825623
values = [1.4750645417256216, 1.197846840783091, 1.2820275536513848, 1.289193905071546]