_n_neurons = 500
_D = 32
_max_rate = 80
_stim_mag = 0.4
_neuron_noise = 0.01
_synapse_memory = 0.4
_averages = 50
_mean_mem_noise = 0.0
_dataset = 'pre_PHE'
_noise_readout = 0.1
_plot_type = 'all'
_misperceive = 0.0
_backend = 'nengo'
_dt = 0.001
_seed = 1
_hide_overlay = False
_gui = False
rmse = 0.044290484915284284
values = [[0.3516026724401024, 0.22211382417234532, 0.1491290147907126, 0.11244594222179886], [0.9997809715558268, 0.9868292002077478, 0.9320573327843994, 0.8695909122270016]]