_n_neurons = 500
_D = 32
_max_rate = 80
_stim_mag = 0.35
_neuron_noise = 0.01
_synapse_memory = 0.7
_averages = 50
_mean_mem_noise = 0.0
_dataset = 'pre_GFC'
_noise_readout = 0.1
_plot_type = 'choice'
_backend = 'nengo'
_dt = 0.001
_seed = 1
_hide_overlay = False
_gui = False
rmse = 0.058370238722061055
values = [0.9918478479814727, 0.961336320923939, 0.9145749293417612, 0.8742404327595088]