_n_neurons = 100
_D = 8
_max_rate = 80
_stim_mag = 1
_neuron_noise = 0.01
_synapse_memory = 0.1
_backend = 'nengo'
_dt = 0.001
_seed = 9
_hide_overlay = False
_gui = False
choice_noise = 0.20512615070816359
rmse = 0.068282275651245408
sim_speed = 1.0988220815035998
values = [0.3247532381676985, 0.22726043817576064, 0.2660922758528163, 0.2768360762124764]