_n_neurons = 500
_D = 32
_max_rate = 80
_stim_mag = 0.5
_neuron_noise = 0.01
_synapse_memory = 0.5
_averages = 50
_mean_mem_noise = 0.0
_dataset = 'pre_PHE'
_noise_readout = 0.1
_plot_type = 'all'
_misperceive = 0.0
_backend = 'nengo'
_dt = 0.001
_seed = 1
_hide_overlay = False
_gui = False
rmse = 0.081301182762121033
values = [[0.4529718212012043, 0.2943193254898589, 0.2084527692230228, 0.15015587547550985], [0.9999970468796966, 0.9983757721720877, 0.981443903003471, 0.9333944489832153]]