_n_neurons = 500
_D = 24
_max_rate = 80
_stim_mag = 1.0
_neuron_noise = 0.01
_synapse_memory = 0.15
_averages = 100
_mean_mem_noise = 0.0
_dataset = 'pre_PHE'
_noise_readout = 0.1
_plot_type = 'all'
_misperceive = 0.0
_backend = 'nengo'
_dt = 0.001
_seed = 0
_hide_overlay = False
_gui = False
rmse = 0.014879365523312871
values = [[0.6568984059554446, 0.3631025227830866, 0.25951941661678535, 0.19588683507966118], [0.9999776378040093, 0.9726922349694579, 0.8966517509827366, 0.8201958383370477]]