_n_neurons = 20
_D = 8
_max_rate = 80
_stim_mag = 1
_neuron_noise = 0.01
_synapse_memory = 0.1
_backend = 'nengo'
_dt = 0.001
_seed = 28
_hide_overlay = False
_gui = False
choice_noise = 0.022399154054066589
rmse = 0.11080716710491889
sim_speed = 3.4012886404959
values = [0.03665867295033447, 0.04039751766849302, 0.11571163909707412, 0.08875591531456475]