_n_neurons = 500
_D = 32
_max_rate = 80
_stim_mag = 0.5
_neuron_noise = 0.01
_synapse_memory = 0.25
_averages = 50
_mean_mem_noise = 0.0
_dataset = 'pre_PHE'
_noise_readout = 0.1
_plot_type = 'all'
_misperceive = 0.0
_backend = 'nengo'
_dt = 0.001
_seed = 1
_hide_overlay = False
_gui = False
rmse = 0.11391216671801931
values = [[0.7325020963176009, 0.5058468394858675, 0.4255052114782969, 0.3616779828935524], [0.9999999999998805, 0.9999997886813606, 0.9999895499834965, 0.9998508545906653]]