_n_neurons = 500
_D = 64
_max_rate = 80
_stim_mag = 1.2
_neuron_noise = 0.01
_synapse_memory = 1.5
_averages = 50
_mean_mem_noise = 0.06
_dataset = 'post_GFC'
_noise_readout = 0.1
_plot_type = 'choice'
_backend = 'nengo'
_dt = 0.001
_seed = 1
_hide_overlay = False
_gui = False
rmse = 0.66697550501793246
values = [0.3434135876067732, 0.25685252636480105, 0.19441602100991423, 0.17843895979465063]