_n_neurons = 100
_D = 8
_max_rate = 80
_stim_mag = 1
_neuron_noise = 0.01
_synapse_memory = 0.1
_backend = 'nengo'
_dt = 0.001
_seed = 16
_hide_overlay = False
_gui = False
choice_noise = 0.073077029369418511
rmse = 0.11467344941172532
sim_speed = 1.2954698903841342
values = [0.6613659382670511, 0.5202091911189601, 0.5723181095265272, 0.5973970479665102]