_n_neurons = 200
_D = 8
_max_rate = 80
_stim_mag = 1
_neuron_noise = 0.01
_synapse_memory = 0.1
_backend = 'nengo'
_dt = 0.001
_seed = 26
_hide_overlay = False
_gui = False
choice_noise = 0.13357955188976262
rmse = 0.039215354375092354
sim_speed = 1.2668585420335925
values = [0.2967617058602035, 0.23840891297667577, 0.13826910109896073, 0.1335717551350505]