_n_neurons = 500
_D = 32
_max_rate = 80
_stim_mag = 0.6
_neuron_noise = 0.01
_synapse_memory = 0.7
_averages = 5
_mean_mem_noise = 0.0
_dataset = 'pre_PHE'
_noise_readout = 0.1
_plot_type = 'all'
_misperceive = 0.5
_backend = 'nengo'
_dt = 0.001
_seed = 1
_hide_overlay = False
_gui = False
rmse = 0.57433201479122808
values = [0.3599511646615932, 0.39812891928548627, 0.28849473336108933, 0.29445359229456275]