_n_neurons = 1000
_D = 16
_max_rate = 80
_stim_mag = 1.0
_neuron_noise = 0.01
_synapse_memory = 0.1
_averages = 10
_mean_mem_noise = 0.0
_dataset = 'pre_PHE'
_noise_readout = 0.1
_plot_type = 'all'
_misperceive = 0.0
_backend = 'nengo'
_dt = 0.001
_seed = 1
_hide_overlay = False
_gui = False
rmse = 0.23168319890591427
values = [[0.6199521134840599, 0.38212217748081134, 0.2812228350577378, 0.234974738028904], [0.9998919966737487, 0.9067862860492867, 0.6225665061608088, 0.4402826562643181]]