_n_neurons = 500
_D = 20
_max_rate = 80
_stim_mag = 0.9
_neuron_noise = 0.01
_synapse_memory = 0.15
_averages = 50
_mean_mem_noise = 0.0
_dataset = 'pre_PHE'
_noise_readout = 0.1
_plot_type = 'all'
_misperceive = 0.0
_backend = 'nengo'
_dt = 0.001
_seed = 0
_hide_overlay = False
_gui = False
rmse = 0.026442898987616786
values = [[0.6952294555349903, 0.4215908281411548, 0.30173362636995327, 0.23445490005397399], [0.999999864713321, 0.9906365308148279, 0.9134343127727784, 0.8317008876495398]]