_n_neurons = 500
_D = 21
_max_rate = 80
_stim_mag = 1.0
_neuron_noise = 0.01
_synapse_memory = 0.14
_averages = 100
_mean_mem_noise = 0.0
_dataset = 'pre_PHE'
_noise_readout = 0.1
_plot_type = 'all'
_misperceive = 0.07
_backend = 'nengo'
_dt = 0.001
_seed = 0
_hide_overlay = False
_gui = False
rmse = 0.02877736377185855
values = [[0.6630010101540224, 0.41028580211840326, 0.30408075621963415, 0.24785845484921748], [0.9756735105635161, 0.9674952754969557, 0.9242241805716498, 0.8777164884553126]]