_n_neurons = 500
_D = 30
_max_rate = 80
_stim_mag = 1.0
_neuron_noise = 0.01
_synapse_memory = 0.14
_averages = 100
_mean_mem_noise = 0.0
_dataset = 'pre_PHE'
_noise_readout = 0.1
_plot_type = 'all'
_misperceive = 0.07
_backend = 'nengo'
_dt = 0.001
_seed = 0
_hide_overlay = False
_gui = False
rmse = 0.069723832861087714
values = [[0.47756787404674933, 0.21975554138106737, 0.12772892706315303, 0.08873680498964016], [0.961344347278457, 0.8909303629367308, 0.7953500390921842, 0.7034799192482772]]