_n_neurons = 500
_D = 32
_max_rate = 80
_stim_mag = 0.3
_neuron_noise = 0.01
_synapse_memory = 0.7
_averages = 50
_mean_mem_noise = -0.002
_dataset = 'post_PHE'
_noise_readout = 0.1
_plot_type = 'all'
_backend = 'nengo'
_dt = 0.001
_seed = 1
_hide_overlay = False
_gui = False
rmse = 0.066024164161379406
values = [0.9798041355060574, 0.9257687930373681, 0.8551135913059831, 0.7969978003410552]