_n_neurons = 500
_D = 10
_max_rate = 80
_stim_mag = 1.0
_neuron_noise = 0.01
_synapse_memory = 0.1
_averages = 50
_mean_mem_noise = 0.0
_dataset = 'pre_PHE'
_noise_readout = 0.1
_plot_type = 'all'
_misperceive = 0.0
_backend = 'nengo'
_dt = 0.001
_seed = 1
_hide_overlay = False
_gui = False
rmse = 0.61317988342936369
values = [[0.6887140044544208, 0.48236320468242655, 0.3731905532652482, 0.3209744030891401], [0.9704292540694581, 0.4300024398277161, 0.10238210853894869, 0.036706385586901924]]