_n_neurons = 500
_D = 32
_max_rate = 80
_stim_mag = 0.25
_neuron_noise = 0.01
_synapse_memory = 0.7
_averages = 50
_mean_mem_noise = 0.0
_dataset = 'pre_GFC'
_noise_readout = 0.1
_plot_type = 'choice'
_backend = 'nengo'
_dt = 0.001
_seed = 1
_hide_overlay = False
_gui = False
rmse = 0.038271203067792137
values = [0.9583235935144011, 0.9032252707570354, 0.8244588353506939, 0.7961319798809177]