_n_neurons = 500
_D = 21
_max_rate = 80
_stim_mag = 1.0
_neuron_noise = 0.01
_synapse_memory = 0.14
_averages = 100
_mean_mem_noise = 0.01
_dataset = 'pre_PHE'
_noise_readout = 0.1
_plot_type = 'all'
_misperceive = 0.07
_backend = 'nengo'
_dt = 0.001
_seed = 0
_hide_overlay = False
_gui = False
rmse = 0.01428307302779705
values = [[0.6602751631186311, 0.4107980634749761, 0.3022827646731516, 0.24354530564955623], [0.9827855611080291, 0.9620548722500398, 0.9080757125704857, 0.8342161461826336]]