_n_neurons = 100
_D = 8
_max_rate = 80
_stim_mag = 1
_neuron_noise = 0.01
_synapse_memory = 0.1
_backend = 'nengo'
_dt = 0.001
_seed = 17
_hide_overlay = False
_gui = False
choice_noise = 0.02428232643693851
rmse = 0.056090832987302996
sim_speed = 1.167538978936737
values = [0.4827363165738077, 0.3400909116698046, 0.09120959540429684, 0.020393702789923973]