_n_neurons = 50
_D = 8
_max_rate = 80
_stim_mag = 1
_neuron_noise = 0.01
_synapse_memory = 0.1
_backend = 'nengo'
_dt = 0.001
_seed = 23
_hide_overlay = False
_gui = False
choice_noise = 0.50258437353293306
rmse = 0.0060956364596638302
sim_speed = 2.796699443352975
values = [0.897226017202647, 0.7925687485050342, 0.7000106028642772, 0.4141401584576248]