_n_neurons = 50
_D = 8
_max_rate = 80
_stim_mag = 1
_neuron_noise = 0.01
_synapse_memory = 0.1
_backend = 'nengo'
_dt = 0.001
_seed = 11
_hide_overlay = False
_gui = False
choice_noise = 0.3026153510700228
rmse = 0.40270362940565113
sim_speed = 2.668437861841687
values = [0.09760169444362987, -0.03924607838930058, 0.0032220480521240255, -0.04006330488503349]