_n_neurons = 500
_D = 64
_max_rate = 80
_stim_mag = 1.4
_neuron_noise = 0.01
_synapse_memory = 1.6
_averages = 50
_mean_mem_noise = -0.006
_dataset = 'post_PHE'
_noise_readout = 0.1
_plot_type = 'memory'
_backend = 'nengo'
_dt = 0.001
_seed = 1
_hide_overlay = False
_gui = False
rmse = 0.044669619185109616
values = [0.1736426854226655, 0.12173368231507047, 0.0881125048082652, 0.06111812432353676]