_n_neurons = 500
_D = 1
_max_rate = 80
_stim_mag = 1.0
_neuron_noise = 0.01
_synapse_memory = 0.1
_averages = 20
_mean_mem_noise = 0.0
_dataset = 'pre_PHE'
_noise_readout = 0.1
_plot_type = 'all'
_misperceive = 0.0
_backend = 'nengo'
_dt = 0.001
_seed = 1
_hide_overlay = False
_gui = False
rmse = 0.11380656115589698
values = [[1.0177112091222356, 0.9466650157505582, 0.8914323660278543, 0.8373188879485914], [0.9999998873265812, 0.999996027304973, 0.9999546710183345, 0.9996284851805574]]