_n_neurons = 500
_D = 30
_max_rate = 80
_stim_mag = 0.75
_neuron_noise = 0.01
_synapse_memory = 0.15
_averages = 50
_mean_mem_noise = 0.0
_dataset = 'pre_PHE'
_noise_readout = 0.1
_plot_type = 'all'
_misperceive = 0.0
_backend = 'nengo'
_dt = 0.001
_seed = 1
_hide_overlay = False
_gui = False
rmse = 0.032501820786259621
values = [[0.5051703889134429, 0.23468615968430862, 0.14455971926181455, 0.09747681321089083], [0.9999997810569115, 0.9905338570792214, 0.9258548927337937, 0.8351623559406849]]