_n_neurons = 500
_D = 32
_max_rate = 80
_stim_mag = 0.1
_neuron_noise = 0.01
_synapse_memory = 0.15
_averages = 5
_mean_mem_noise = 0.0
_dataset = 'pre_GFC'
_noise_readout = 0.1
_plot_type = 'memory'
_backend = 'nengo'
_dt = 0.001
_seed = 1
_hide_overlay = False
_gui = False
rmse = 0.48336633863447032
values = [0.006046371080334735, -0.025840265900434783, -0.03045631336466511, -0.0433947820306849]