_n_neurons = 500
_D = 22
_max_rate = 80
_stim_mag = 1.0
_neuron_noise = 0.01
_synapse_memory = 0.12
_averages = 100
_mean_mem_noise = 0.0
_dataset = 'pre_PHE'
_noise_readout = 0.1
_plot_type = 'all'
_misperceive = 0.07
_backend = 'nengo'
_dt = 0.001
_seed = 0
_hide_overlay = False
_gui = False
rmse = 0.044004680728221501
values = [[0.55360063395878, 0.3093719436727004, 0.21619291949308875, 0.15951165011157473], [0.9701957136465578, 0.9152507157445711, 0.8327637688710869, 0.7357710788248982]]